Source,Location ID,Jurisdiction,Latitude,Longitude,Time Zone,Local Time Zone,Distance to Shore,Directionality Coefficient,Energy Period,Maximum Energy Direction,Mean Absolute Period,Mean Wave Direction,Mean Zero-Crossing Period,Wave Power,Peak Period,Significant Wave Height,Spectral Width,Water Depth,Version
DOE-WPTO US Wave dataset,102698,b'Federal',48.1635,-124.906,0,-8,10749.468,-,s,deg,s,deg,s,W/m,s,m,-,69,unknown
Year,Month,Day,Hour,Minute,Directionality Coefficient,Energy Period,Maximum Energy Direction,Mean Absolute Period,Mean Zero-Crossing Period,Wave Power,Peak Period,Significant Wave Height,Spectral Width
2019,1,1,0,0,0.9371430277824402,9.99489974975586,282.5,9.273200035095215,N/A,19195,11.682900428771973,1.9185700416564941,0.244159996509552
2019,1,1,3,0,0.9369519948959351,10.183699607849121,282.5,9.325300216674805,N/A,17733,11.682900428771973,1.8257800340652466,0.2919600009918213
2019,1,1,6,0,0.9344469904899597,10.459099769592285,282.5,9.392499923706055,N/A,16863,10.620800018310547,1.7504500150680542,0.3356499969959259
2019,1,1,9,0,0.9387059807777405,11.68280029296875,277.5,10.042799949645996,N/A,19271,18.81559944152832,1.7452399730682373,0.38100001215934753
2019,1,1,12,0,0.9418709874153137,12.155599594116211,277.5,10.42590045928955,N/A,20266,17.104999542236328,1.7421799898147583,0.3640199899673462
2019,1,1,15,0,0.9494060277938843,13.201199531555176,277.5,11.398699760437012,N/A,25910,17.104999542236328,1.8690099716186523,0.32482999563217163
2019,1,1,18,0,0.9511839747428894,13.579099655151367,277.5,11.868300437927246,N/A,28274,17.104999542236328,1.9180699586868286,0.30044999718666077
2019,1,1,21,0,0.9537780284881592,13.747300148010254,277.5,12.189000129699707,N/A,31811,15.550000190734863,2.0174100399017334,0.2752000093460083
2019,1,2,0,0,0.955947995185852,13.71619987487793,277.5,12.32450008392334,N/A,35548,15.550000190734863,2.13358998298645,0.25887998938560486
2019,1,2,3,0,0.9568139910697937,13.451600074768066,277.5,12.149299621582031,N/A,36421,15.550000190734863,2.183619976043701,0.25575000047683716
2019,1,2,6,0,0.9571369886398315,13.152799606323242,277.5,11.882200241088867,N/A,37201,15.550000190734863,2.236340045928955,0.2582100033760071
2019,1,2,9,0,0.9551259875297546,12.522700309753418,277.5,10.886699676513672,N/A,35035,15.550000190734863,2.234339952468872,0.2855600118637085
2019,1,2,12,0,0.9466789960861206,11.23069953918457,272.5,8.835599899291992,N/A,33294,14.136300086975098,2.31646990776062,0.36890000104904175
2019,1,2,15,0,0.915582001209259,9.973899841308594,267.5,7.512599945068359,N/A,36762,14.136300086975098,2.60617995262146,0.43389999866485596
2019,1,2,18,0,0.8611670136451721,9.271599769592285,262.5,7.172100067138672,N/A,49508,14.136300086975098,3.1640501022338867,0.4418199956417084
2019,1,2,21,0,0.8299559950828552,9.569299697875977,257.5,7.798099994659424,N/A,64131,14.136300086975098,3.5537800788879395,0.3936600089073181
2019,1,3,0,0,0.8015990257263184,9.434900283813477,252.5,7.747700214385986,N/A,83173,9.655200004577637,4.083660125732422,0.3942599892616272
2019,1,3,3,0,0.7861980199813843,9.558699607849121,247.5,8.039199829101562,N/A,100732,8.77750015258789,4.467989921569824,0.37477999925613403
2019,1,3,6,0,0.776656985282898,9.791999816894531,242.5,8.50790023803711,N/A,106500,8.77750015258789,4.538939952850342,0.3493500053882599
2019,1,3,9,0,0.7702280282974243,9.756400108337402,242.5,8.607099533081055,N/A,120093,8.77750015258789,4.838769912719727,0.3305799961090088
2019,1,3,12,0,0.7701560258865356,10.089200019836426,247.5,8.954999923706055,N/A,109737,9.655200004577637,4.532020092010498,0.3207699954509735
2019,1,3,15,0,0.7741469740867615,9.937399864196777,247.5,8.731599807739258,N/A,103476,9.655200004577637,4.437930107116699,0.32719001173973083
2019,1,3,18,0,0.7834720015525818,9.808600425720215,242.5,8.69320011138916,N/A,111487,9.655200004577637,4.650529861450195,0.3124600052833557
2019,1,3,21,0,0.7920969724655151,9.84280014038086,237.5,8.776200294494629,N/A,128323,9.655200004577637,4.983119964599609,0.30112001299858093
2019,1,4,0,0,0.8027859926223755,10.138199806213379,242.5,9.100199699401855,N/A,127646,9.655200004577637,4.881659984588623,0.292930006980896
2019,1,4,3,0,0.8017489910125732,10.574700355529785,247.5,9.601900100708008,N/A,102511,11.682900428771973,4.265289783477783,0.27913999557495117
2019,1,4,6,0,0.7896519899368286,10.428299903869629,247.5,9.180299758911133,N/A,91346,11.682900428771973,4.050950050354004,0.3051300048828125
2019,1,4,9,0,0.7772849798202515,10.030699729919434,242.5,8.514699935913086,N/A,91657,11.682900428771973,4.14592981338501,0.33188000321388245
2019,1,4,12,0,0.8073800206184387,9.970199584960938,237.5,8.686100006103516,N/A,113829,10.620800018310547,4.642350196838379,0.32161998748779297
2019,1,4,15,0,0.8531150221824646,10.925999641418457,242.5,9.513199806213379,N/A,162716,12.851200103759766,5.248559951782227,0.32269999384880066
2019,1,4,18,0,0.8883150219917297,11.542799949645996,242.5,10.053500175476074,N/A,204754,14.136300086975098,5.693530082702637,0.3241100013256073
2019,1,4,21,0,0.902114987373352,11.823100090026855,247.5,10.333700180053711,N/A,199507,14.136300086975098,5.534530162811279,0.3144499957561493
2019,1,5,0,0,0.9023510217666626,11.721599578857422,247.5,10.315099716186523,N/A,159044,14.136300086975098,4.964700222015381,0.3037000000476837
2019,1,5,3,0,0.9058229923248291,11.611200332641602,252.5,10.413700103759766,N/A,114856,14.136300086975098,4.246650218963623,0.283160001039505
2019,1,5,6,0,0.9119420051574707,11.498200416564941,252.5,10.50469970703125,N/A,87066,12.851200103759766,3.7244300842285156,0.2617399990558624
2019,1,5,9,0,0.9124249815940857,11.16919994354248,257.5,10.305399894714355,N/A,64612,12.851200103759766,3.271199941635132,0.25047001242637634
2019,1,5,12,0,0.9037820100784302,10.732500076293945,257.5,9.928500175476074,N/A,46684,12.851200103759766,2.8539600372314453,0.2492000013589859
2019,1,5,15,0,0.8932690024375916,10.381400108337402,257.5,9.51710033416748,N/A,36443,11.682900428771973,2.575579881668091,0.254830002784729
2019,1,5,18,0,0.8773509860038757,9.96619987487793,262.5,8.896900177001953,N/A,28520,11.682900428771973,2.3344500064849854,0.2752699851989746
2019,1,5,21,0,0.8398780226707458,9.383000373840332,257.5,7.989299774169922,N/A,23512,11.682900428771973,2.193540096282959,0.3119100034236908
2019,1,6,0,0,0.7745630145072937,8.491800308227539,242.5,7.035999774932861,N/A,25580,10.620800018310547,2.4221599102020264,0.34973999857902527
2019,1,6,3,0,0.773298978805542,8.817999839782715,227.5,7.77239990234375,N/A,28081,10.620800018310547,2.490959882736206,0.30371999740600586
2019,1,6,6,0,0.8150359988212585,9.467000007629395,222.5,8.505499839782715,N/A,35468,10.620800018310547,2.6859800815582275,0.2820799946784973
2019,1,6,9,0,0.8150529861450195,9.63230037689209,217.5,8.729700088500977,N/A,44067,10.620800018310547,2.9636800289154053,0.2776600122451782
2019,1,6,12,0,0.837689995765686,9.055700302124023,262.5,8.272600173950195,N/A,104079,9.655200004577637,4.737850189208984,0.2652699947357178
2019,1,6,15,0,0.8085569739341736,8.88230037689209,267.5,7.994999885559082,N/A,61727,9.655200004577637,3.6846799850463867,0.2886199951171875
2019,1,6,18,0,0.7798370122909546,8.858699798583984,257.5,7.897600173950195,N/A,41250,8.77750015258789,3.009740114212036,0.3089900016784668
2019,1,6,21,0,0.7756109833717346,9.087200164794922,257.5,8.137200355529785,N/A,31612,8.77750015258789,2.593590021133423,0.30790001153945923
2019,1,7,0,0,0.7790729999542236,9.328100204467773,257.5,8.409500122070312,N/A,27440,9.655200004577637,2.380429983139038,0.29478999972343445
2019,1,7,3,0,0.7881289720535278,9.413399696350098,257.5,8.542499542236328,N/A,25394,10.620800018310547,2.2801599502563477,0.2810699939727783
2019,1,7,6,0,0.8050310015678406,9.24429988861084,262.5,8.371800422668457,N/A,25075,10.620800018310547,2.2916998863220215,0.2788900136947632
2019,1,7,9,0,0.8565300107002258,8.304699897766113,272.5,6.87529993057251,N/A,32357,10.620800018310547,2.7581698894500732,0.3548699915409088
2019,1,7,12,0,0.8928089737892151,8.595499992370605,282.5,7.537700176239014,N/A,37683,10.620800018310547,2.9292399883270264,0.3055500090122223
2019,1,7,15,0,0.8941739797592163,8.586899757385254,282.5,7.564199924468994,N/A,28845,10.620800018310547,2.565929889678955,0.3009899854660034
2019,1,7,18,0,0.8932960033416748,8.724200248718262,282.5,7.802599906921387,N/A,21353,9.655200004577637,2.189079999923706,0.2894800007343292
2019,1,7,21,0,0.8896480202674866,8.811400413513184,282.5,7.972599983215332,N/A,16836,9.655200004577637,1.9338799715042114,0.27987998723983765
2019,1,8,0,0,0.8930529952049255,8.92549991607666,282.5,8.103300094604492,N/A,14347,9.655200004577637,1.771090030670166,0.2797900140285492
2019,1,8,3,0,0.895766019821167,8.851300239562988,277.5,7.557400226593018,N/A,12621,9.655200004577637,1.6677700281143188,0.30133000016212463
2019,1,8,6,0,0.8310739994049072,7.744900226593018,277.5,5.646100044250488,N/A,11164,8.77750015258789,1.678130030632019,0.44130998849868774
2019,1,8,9,0,0.5422530174255371,5.996300220489502,282.5,4.525400161743164,N/A,11424,4.094699859619141,1.9385299682617188,0.5445899963378906
2019,1,8,12,0,0.4859220087528229,5.427599906921387,52.5,4.41949987411499,N/A,10295,4.954599857330322,1.9450900554656982,0.4956200122833252
2019,1,8,15,0,0.5418829917907715,5.432300090789795,47.5,4.4415998458862305,N/A,10440,5.450099945068359,1.9594199657440186,0.4798099994659424
2019,1,8,18,0,0.4894759953022003,5.323599815368652,52.5,4.286200046539307,N/A,10290,4.954599857330322,1.9616800546646118,0.5194000005722046
2019,1,8,21,0,0.5228989720344543,6.428299903869629,202.5,4.991399765014648,N/A,17186,11.682900428771973,2.288980007171631,0.5168700218200684
2019,1,9,0,0,0.6928669810295105,7.674099922180176,207.5,5.8368000984191895,N/A,31440,11.682900428771973,2.808069944381714,0.48669999837875366
2019,1,9,3,0,0.8675510287284851,10.033100128173828,212.5,7.900899887084961,N/A,50665,12.851200103759766,3.066349983215332,0.38804998993873596
2019,1,9,6,0,0.9056959748268127,11.500399589538574,222.5,9.782299995422363,N/A,81693,12.851200103759766,3.601140022277832,0.3173699975013733
2019,1,9,9,0,0.9184640049934387,12.284500122070312,227.5,10.721199989318848,N/A,106295,14.136300086975098,3.948930025100708,0.2901400029659271
2019,1,9,12,0,0.9254940152168274,12.402600288391113,227.5,11.12279987335205,N/A,114087,14.136300086975098,4.066889762878418,0.271589994430542
2019,1,9,15,0,0.9251000285148621,11.913599967956543,222.5,10.352299690246582,N/A,104719,14.136300086975098,3.986870050430298,0.28637000918388367
2019,1,9,18,0,0.9246100187301636,10.990300178527832,222.5,9.235099792480469,N/A,103199,14.136300086975098,4.149419784545898,0.3221299946308136
2019,1,9,21,0,0.9181780219078064,10.192899703979492,217.5,8.395700454711914,N/A,119184,12.851200103759766,4.662049770355225,0.35016000270843506
2019,1,10,0,0,0.9243590235710144,10.345999717712402,212.5,8.870699882507324,N/A,142950,12.851200103759766,5.073080062866211,0.3220199942588806
2019,1,10,3,0,0.9292219877243042,10.702799797058105,212.5,9.397000312805176,N/A,139759,12.851200103759766,4.919069766998291,0.2981399893760681
2019,1,10,6,0,0.9290050268173218,10.608799934387207,212.5,9.382399559020996,N/A,114826,12.851200103759766,4.486269950866699,0.2906399965286255
2019,1,10,9,0,0.9187600016593933,10.360899925231934,212.5,9.105299949645996,N/A,86897,12.851200103759766,3.961210012435913,0.29704999923706055
2019,1,10,12,0,0.9009699821472168,10.2052001953125,212.5,8.942500114440918,N/A,65678,11.682900428771973,3.478410005569458,0.29892000555992126
2019,1,10,15,0,0.8741430044174194,10.133399963378906,217.5,8.852899551391602,N/A,55107,11.682900428771973,3.2006800174713135,0.30548998713493347
2019,1,10,18,0,0.8570950031280518,10.18179988861084,222.5,8.864700317382812,N/A,48369,11.682900428771973,2.9921000003814697,0.30458998680114746
2019,1,10,21,0,0.8435980081558228,9.234999656677246,222.5,7.423699855804443,N/A,45287,11.682900428771973,3.055769920349121,0.3722200095653534
2019,1,11,0,0,0.8438199758529663,8.798800468444824,217.5,7.395999908447266,N/A,46793,10.620800018310547,3.2064900398254395,0.3520300090312958
2019,1,11,3,0,0.8479229807853699,9.154500007629395,217.5,7.9984002113342285,N/A,43184,10.620800018310547,3.0208899974823,0.3098500072956085
2019,1,11,6,0,0.8770440220832825,9.518899917602539,217.5,8.36520004272461,N/A,47854,10.620800018310547,3.1080400943756104,0.2925100028514862
2019,1,11,9,0,0.8998200297355652,10.188899993896484,222.5,9.140700340270996,N/A,56375,10.620800018310547,3.237459897994995,0.26556000113487244
2019,1,11,12,0,0.9089000225067139,10.541600227355957,222.5,9.61400032043457,N/A,59681,11.682900428771973,3.2623400688171387,0.25088000297546387
2019,1,11,15,0,0.9171199798583984,10.83650016784668,222.5,10.029899597167969,N/A,60750,11.682900428771973,3.237489938735962,0.23704999685287476
2019,1,11,18,0,0.9248480200767517,11.118399620056152,222.5,10.34179973602295,N/A,61405,11.682900428771973,3.2033400535583496,0.23091000318527222
2019,1,11,21,0,0.9172599911689758,11.39490032196045,227.5,10.625,N/A,63255,12.851200103759766,3.20061993598938,0.2274399995803833
2019,1,12,0,0,0.9021570086479187,11.56410026550293,227.5,10.816699981689453,N/A,65243,12.851200103759766,3.2206900119781494,0.22462999820709229
2019,1,12,3,0,0.8893960118293762,11.701600074768066,232.5,10.957799911499023,N/A,66452,12.851200103759766,3.2276298999786377,0.2256300002336502
2019,1,12,6,0,0.8837379813194275,11.758899688720703,237.5,11.004199981689453,N/A,64482,12.851200103759766,3.1702499389648438,0.22845999896526337
2019,1,12,9,0,0.882194995880127,11.857799530029297,237.5,11.09939956665039,N/A,63736,12.851200103759766,3.134660005569458,0.2269899994134903
2019,1,12,12,0,0.8800809979438782,11.812100410461426,237.5,11.053099632263184,N/A,61477,12.851200103759766,3.0851500034332275,0.22575999796390533
2019,1,12,15,0,0.8793759942054749,11.80210018157959,232.5,11.062100410461426,N/A,60200,12.851200103759766,3.0541000366210938,0.22086000442504883
2019,1,12,18,0,0.8767960071563721,11.743800163269043,227.5,11.036299705505371,N/A,55303,12.851200103759766,2.9372200965881348,0.21461999416351318
2019,1,12,21,0,0.8749849796295166,11.38640022277832,227.5,10.652999877929688,N/A,50411,12.851200103759766,2.859100103378296,0.22353999316692352
2019,1,13,0,0,0.8869969844818115,10.653200149536133,222.5,9.786199569702148,N/A,47644,11.682900428771973,2.8950600624084473,0.2531299889087677
2019,1,13,3,0,0.9051480293273926,10.539400100708008,222.5,9.649499893188477,N/A,49294,11.682900428771973,2.9651999473571777,0.2575500011444092
2019,1,13,6,0,0.908115029335022,10.547599792480469,217.5,9.711600303649902,N/A,46175,11.682900428771973,2.8741800785064697,0.25766998529434204
2019,1,13,9,0,0.889503002166748,10.476300239562988,217.5,9.613300323486328,N/A,38622,11.682900428771973,2.6497299671173096,0.2892400026321411
2019,1,13,12,0,0.8557479977607727,10.629899978637695,222.5,9.550600051879883,N/A,33477,10.620800018310547,2.456170082092285,0.3546600043773651
2019,1,13,15,0,0.80936199426651,11.50220012664795,237.5,9.713600158691406,N/A,33826,10.620800018310547,2.3657000064849854,0.4372900128364563
2019,1,13,18,0,0.8056190013885498,12.21679973602295,247.5,9.578800201416016,N/A,34675,20.697200775146484,2.3115499019622803,0.47437000274658203
2019,1,13,21,0,0.8449990153312683,14.179300308227539,262.5,11.066200256347656,N/A,45870,20.697200775146484,2.435879945755005,0.43595999479293823
2019,1,14,0,0,0.8769099712371826,15.034799575805664,267.5,11.985400199890137,N/A,53354,20.697200775146484,2.5312399864196777,0.39329999685287476
2019,1,14,3,0,0.8954269886016846,15.39739990234375,272.5,12.51930046081543,N/A,62201,18.81559944152832,2.6850199699401855,0.35899001359939575
2019,1,14,6,0,0.8892070055007935,14.906599998474121,267.5,11.959799766540527,N/A,61190,18.81559944152832,2.7016398906707764,0.35523998737335205
2019,1,14,9,0,0.8869339823722839,14.746500015258789,267.5,12.423700332641602,N/A,71887,18.81559944152832,2.9389901161193848,0.32374000549316406
2019,1,14,12,0,0.8715649843215942,14.219400405883789,262.5,12.395400047302246,N/A,71580,18.81559944152832,2.990689992904663,0.31119999289512634
2019,1,14,15,0,0.8714889883995056,14.152000427246094,262.5,12.635299682617188,N/A,81306,17.104999542236328,3.190419912338257,0.2865299880504608
2019,1,14,18,0,0.8609989881515503,13.774999618530273,262.5,12.448100090026855,N/A,77185,17.104999542236328,3.1538400650024414,0.2760699987411499
2019,1,14,21,0,0.8521990180015564,13.444899559020996,262.5,12.242899894714355,N/A,70966,17.104999542236328,3.064620018005371,0.2683500051498413
2019,1,15,0,0,0.8409889936447144,13.078200340270996,262.5,11.953800201416016,N/A,61260,17.104999542236328,2.893199920654297,0.26596999168395996
2019,1,15,3,0,0.8369809985160828,12.902899742126465,262.5,11.82699966430664,N/A,56676,17.104999542236328,2.8047900199890137,0.2627300024032593
2019,1,15,6,0,0.8300700187683105,12.715299606323242,262.5,11.644000053405762,N/A,50370,15.550000190734863,2.667520046234131,0.26517999172210693
2019,1,15,9,0,0.8375030159950256,12.73289966583252,262.5,11.650500297546387,N/A,48020,15.550000190734863,2.6005699634552,0.2633900046348572
2019,1,15,12,0,0.833702027797699,12.526700019836426,262.5,11.444899559020996,N/A,42203,15.550000190734863,2.4615399837493896,0.26587000489234924
2019,1,15,15,0,0.8535299897193909,12.534799575805664,267.5,11.23289966583252,N/A,45654,15.550000190734863,2.5546998977661133,0.27893999218940735
2019,1,15,18,0,0.8609740138053894,12.332300186157227,267.5,10.762800216674805,N/A,47934,15.550000190734863,2.641089916229248,0.3042300045490265
2019,1,15,21,0,0.8525819778442383,12.137999534606934,262.5,10.453399658203125,N/A,50064,14.136300086975098,2.7256898880004883,0.325080007314682
2019,1,16,0,0,0.8492799997329712,12.275899887084961,262.5,10.580900192260742,N/A,51199,14.136300086975098,2.7398500442504883,0.3271099925041199
2019,1,16,3,0,0.8612970113754272,12.567500114440918,267.5,10.874600410461426,N/A,50090,14.136300086975098,2.672840118408203,0.3192000091075897
2019,1,16,6,0,0.8585079908370972,12.517499923706055,267.5,10.737299919128418,N/A,42013,14.136300086975098,2.4532899856567383,0.32499000430107117
2019,1,16,9,0,0.8830050230026245,12.79259967803955,267.5,10.502300262451172,N/A,46327,17.104999542236328,2.5400500297546387,0.3245899975299835
2019,1,16,12,0,0.8589900135993958,12.21780014038086,267.5,9.593099594116211,N/A,39070,15.550000190734863,2.394059896469116,0.3649899959564209
2019,1,16,15,0,0.8464800119400024,12.21969985961914,262.5,9.786800384521484,N/A,38498,15.550000190734863,2.3775999546051025,0.3680199980735779
2019,1,16,18,0,0.8296149969100952,12.090299606323242,262.5,9.475500106811523,N/A,38912,15.550000190734863,2.4054200649261475,0.38203999400138855
2019,1,16,21,0,0.8084560036659241,11.628199577331543,257.5,8.815699577331543,N/A,40481,15.550000190734863,2.509700059890747,0.4113500118255615
2019,1,17,0,0,0.7774689793586731,10.865599632263184,247.5,8.34939956665039,N/A,49336,17.104999542236328,2.8873798847198486,0.42517000436782837
2019,1,17,3,0,0.7376160025596619,10.267800331115723,247.5,7.4679999351501465,N/A,52340,17.104999542236328,3.0652201175689697,0.47168999910354614
2019,1,17,6,0,0.7100200057029724,9.972299575805664,247.5,7.063600063323975,N/A,50357,17.104999542236328,3.0509800910949707,0.49428001046180725
2019,1,17,9,0,0.710345983505249,10.056500434875488,242.5,7.246500015258789,N/A,50301,15.550000190734863,3.035789966583252,0.474700003862381
2019,1,17,12,0,0.7407069802284241,10.226400375366211,232.5,7.691400051116943,N/A,60357,15.550000190734863,3.3025100231170654,0.43580999970436096
2019,1,17,15,0,0.772396981716156,10.934399604797363,227.5,8.48859977722168,N/A,69910,12.851200103759766,3.436160087585449,0.41470998525619507
2019,1,17,18,0,0.7875649929046631,10.895600318908691,227.5,7.685100078582764,N/A,87062,14.136300086975098,3.835010051727295,0.49182000756263733
2019,1,17,21,0,0.855434000492096,11.564299583435059,222.5,8.763199806213379,N/A,139193,14.136300086975098,4.688539981842041,0.4320400059223175
2019,1,18,0,0,0.8892850279808044,11.81029987335205,222.5,9.641900062561035,N/A,187778,14.136300086975098,5.381159782409668,0.37709999084472656
2019,1,18,3,0,0.9051380157470703,11.898500442504883,222.5,10.047699928283691,N/A,189005,15.550000190734863,5.370550155639648,0.3539299964904785
2019,1,18,6,0,0.9069610238075256,11.42389965057373,222.5,9.72350025177002,N/A,170276,14.136300086975098,5.218070030212402,0.35100001096725464
2019,1,18,9,0,0.9148110151290894,11.271200180053711,227.5,9.717700004577637,N/A,160311,14.136300086975098,5.102129936218262,0.3292500078678131
2019,1,18,12,0,0.9240469932556152,11.461899757385254,232.5,10.086999893188477,N/A,157990,14.136300086975098,5.015170097351074,0.30195000767707825
2019,1,18,15,0,0.920432984828949,11.498499870300293,237.5,10.14050006866455,N/A,134960,14.136300086975098,4.624820232391357,0.29377999901771545
2019,1,18,18,0,0.9145990014076233,11.565099716186523,242.5,10.336799621582031,N/A,111686,12.851200103759766,4.195789813995361,0.2756800055503845
2019,1,18,21,0,0.907351016998291,11.356399536132812,242.5,9.978899955749512,N/A,96469,12.851200103759766,3.94242000579834,0.2811200022697449
2019,1,19,0,0,0.8961700201034546,10.903900146484375,247.5,9.38129997253418,N/A,84124,12.851200103759766,3.7728500366210938,0.2972300052642822
2019,1,19,3,0,0.8562160134315491,10.065899848937988,242.5,8.464599609375,N/A,69899,12.851200103759766,3.609570026397705,0.32565999031066895
2019,1,19,6,0,0.8543059825897217,9.168299674987793,217.5,7.742700099945068,N/A,77744,11.682900428771973,4.033830165863037,0.33302000164985657
2019,1,19,9,0,0.8655809760093689,9.604299545288086,212.5,8.586799621582031,N/A,91660,11.682900428771973,4.276599884033203,0.28176000714302063
2019,1,19,12,0,0.8879590034484863,10.162199974060059,222.5,9.012499809265137,N/A,102849,11.682900428771973,4.367000102996826,0.2846499979496002
2019,1,19,15,0,0.8960599899291992,11.17549991607666,237.5,10.077500343322754,N/A,154037,12.851200103759766,5.040319919586182,0.26704999804496765
2019,1,19,18,0,0.9012659788131714,11.951199531555176,242.5,10.852700233459473,N/A,179109,14.136300086975098,5.212820053100586,0.2603200078010559
2019,1,19,21,0,0.897803008556366,12.240599632263184,247.5,11.157500267028809,N/A,174692,14.136300086975098,5.0735697746276855,0.25665000081062317
2019,1,20,0,0,0.8874750137329102,12.207799911499023,252.5,11.322199821472168,N/A,151061,14.136300086975098,4.728879928588867,0.23744000494480133
2019,1,20,3,0,0.8727989792823792,11.821800231933594,252.5,11.070899963378906,N/A,119364,12.851200103759766,4.29226016998291,0.22412000596523285
2019,1,20,6,0,0.8580840229988098,11.521599769592285,257.5,10.852999687194824,N/A,98742,12.851200103759766,3.9717299938201904,0.2158699929714203
2019,1,20,9,0,0.8463720083236694,11.277899742126465,257.5,10.66409969329834,N/A,84505,11.682900428771973,3.7274200916290283,0.20915000140666962
2019,1,20,12,0,0.8391349911689758,10.91469955444336,257.5,10.347100257873535,N/A,67207,11.682900428771973,3.397589921951294,0.2043199986219406
2019,1,20,15,0,0.8419370055198669,10.640999794006348,257.5,10.111900329589844,N/A,55905,11.682900428771973,3.1527299880981445,0.20020000636577606
2019,1,20,18,0,0.8434230089187622,10.413299560546875,252.5,9.901700019836426,N/A,47625,10.620800018310547,2.9519898891448975,0.20050999522209167
2019,1,20,21,0,0.8463979959487915,10.209600448608398,252.5,9.696700096130371,N/A,39219,10.620800018310547,2.712899923324585,0.2040800005197525
2019,1,21,0,0,0.8536369800567627,10.068400382995605,252.5,9.55739974975586,N/A,33797,10.620800018310547,2.540869951248169,0.20611999928951263
2019,1,21,3,0,0.8569859862327576,9.911399841308594,252.5,9.39680004119873,N/A,29755,10.620800018310547,2.407289981842041,0.21003000438213348
2019,1,21,6,0,0.8612589836120605,9.729299545288086,252.5,9.160699844360352,N/A,26036,10.620800018310547,2.2759299278259277,0.22130000591278076
2019,1,21,9,0,0.8647879958152771,9.408300399780273,252.5,8.718799591064453,N/A,22983,10.620800018310547,2.1786599159240723,0.24453000724315643
2019,1,21,12,0,0.8702690005302429,9.086600303649902,257.5,8.159700393676758,N/A,22376,10.620800018310547,2.189429998397827,0.27761000394821167
2019,1,21,15,0,0.8770700097084045,9.02929973602295,257.5,8.156999588012695,N/A,23042,10.620800018310547,2.2284998893737793,0.28115999698638916
2019,1,21,18,0,0.8788819909095764,9.128600120544434,262.5,8.23859977722168,N/A,20521,10.620800018310547,2.0894200801849365,0.27911001443862915
2019,1,21,21,0,0.8834840059280396,9.232500076293945,262.5,8.35949993133545,N/A,18618,10.620800018310547,1.9785100221633911,0.27180999517440796
2019,1,22,0,0,0.8860369920730591,9.336600303649902,262.5,8.534500122070312,N/A,17234,10.620800018310547,1.894070029258728,0.2569200098514557
2019,1,22,3,0,0.882157027721405,9.265899658203125,257.5,8.494400024414062,N/A,14473,10.620800018310547,1.745300054550171,0.25137001276016235
2019,1,22,6,0,0.86906898021698,8.488900184631348,257.5,6.637499809265137,N/A,13939,10.620800018310547,1.792199969291687,0.35819000005722046
2019,1,22,9,0,0.8231629729270935,6.96589994430542,242.5,5.633200168609619,N/A,15846,9.655200004577637,2.125619888305664,0.41231998801231384
2019,1,22,12,0,0.8580020070075989,7.288599967956543,232.5,6.197000026702881,N/A,24204,8.77750015258789,2.578429937362671,0.33840999007225037
2019,1,22,15,0,0.8591049909591675,8.030099868774414,227.5,6.878799915313721,N/A,46779,9.655200004577637,3.3940999507904053,0.32576999068260193
2019,1,22,18,0,0.8439239859580994,8.269100189208984,227.5,7.179699897766113,N/A,48517,9.655200004577637,3.4025700092315674,0.3116300106048584
2019,1,22,21,0,0.822172999382019,8.36929988861084,227.5,7.143199920654297,N/A,43254,9.655200004577637,3.185920000076294,0.3317500054836273
2019,1,23,0,0,0.8413810133934021,9.177300453186035,232.5,8.232000350952148,N/A,40902,10.620800018310547,2.9392900466918945,0.2981100082397461
2019,1,23,3,0,0.861640989780426,9.577500343322754,242.5,8.40470027923584,N/A,41836,10.620800018310547,2.892620086669922,0.31793999671936035
2019,1,23,6,0,0.9012359976768494,9.641200065612793,242.5,8.713800430297852,N/A,84483,10.620800018310547,4.103730201721191,0.28828001022338867
2019,1,23,9,0,0.8992099761962891,9.702500343322754,247.5,8.525699615478516,N/A,98022,10.620800018310547,4.387800216674805,0.3148300051689148
2019,1,23,12,0,0.9042710065841675,10.552900314331055,252.5,9.534799575805664,N/A,103329,11.682900428771973,4.282090187072754,0.28352999687194824
2019,1,23,15,0,0.9091640114784241,11.0556001663208,257.5,10.10949993133545,N/A,96448,11.682900428771973,4.0203399658203125,0.26646000146865845
2019,1,23,18,0,0.9133819937705994,11.101300239562988,262.5,10.172800064086914,N/A,81857,11.682900428771973,3.6943199634552,0.2650499939918518
2019,1,23,21,0,0.9175469875335693,10.858799934387207,262.5,9.935099601745605,N/A,71624,14.136300086975098,3.5033600330352783,0.2705000042915344
2019,1,24,0,0,0.9164749979972839,10.769700050354004,262.5,9.82229995727539,N/A,60178,14.136300086975098,3.2258200645446777,0.2745499908924103
2019,1,24,3,0,0.9172319769859314,10.800800323486328,262.5,9.797100067138672,N/A,49726,14.136300086975098,2.9243199825286865,0.27998000383377075
2019,1,24,6,0,0.9200400114059448,10.843199729919434,262.5,9.79640007019043,N/A,43141,12.851200103759766,2.715970039367676,0.2833000123500824
2019,1,24,9,0,0.9221720099449158,10.847399711608887,262.5,9.776599884033203,N/A,38180,12.851200103759766,2.55430006980896,0.28650999069213867
2019,1,24,12,0,0.9237809777259827,10.849499702453613,262.5,9.756600379943848,N/A,34133,12.851200103759766,2.4150900840759277,0.29043999314308167
2019,1,24,15,0,0.9254500269889832,10.921699523925781,262.5,9.78849983215332,N/A,31338,12.851200103759766,2.305069923400879,0.29622000455856323
2019,1,24,18,0,0.9274020195007324,11.050800323486328,262.5,9.866299629211426,N/A,29349,12.851200103759766,2.215240001678467,0.30232998728752136
2019,1,24,21,0,0.929747998714447,11.248800277709961,262.5,9.990799903869629,N/A,28013,12.851200103759766,2.141590118408203,0.31053000688552856
2019,1,25,0,0,0.9332079887390137,11.612099647521973,262.5,10.241299629211426,N/A,28176,12.851200103759766,2.107140064239502,0.3190299868583679
2019,1,25,3,0,0.9380249977111816,12.102499961853027,267.5,10.63860034942627,N/A,30144,17.104999542236328,2.1247200965881348,0.31707000732421875
2019,1,25,6,0,0.9435359835624695,12.499300003051758,267.5,11.020899772644043,N/A,32426,15.550000190734863,2.1599700450897217,0.3063200116157532
2019,1,25,9,0,0.9479259848594666,12.6983003616333,267.5,11.247099876403809,N/A,33051,15.550000190734863,2.1595299243927,0.2974900007247925
2019,1,25,12,0,0.9518399834632874,12.828499794006348,267.5,11.413299560546875,N/A,33004,15.550000190734863,2.14451003074646,0.28992000222206116
2019,1,25,15,0,0.9556789994239807,12.968299865722656,267.5,11.626199722290039,N/A,34144,14.136300086975098,2.166520118713379,0.2775300145149231
2019,1,25,18,0,0.9580180048942566,12.94729995727539,267.5,11.727399826049805,N/A,34828,14.136300086975098,2.1891798973083496,0.26203998923301697
2019,1,25,21,0,0.9614830017089844,12.862199783325195,267.5,11.792200088500977,N/A,36498,14.136300086975098,2.2491400241851807,0.24383999407291412
2019,1,26,0,0,0.962224006652832,12.576700210571289,267.5,11.549400329589844,N/A,32332,14.136300086975098,2.1461899280548096,0.24309000372886658
2019,1,26,3,0,0.9630979895591736,12.374500274658203,267.5,11.393799781799316,N/A,30252,14.136300086975098,2.097249984741211,0.24025000631809235
2019,1,26,6,0,0.9632539749145508,12.11050033569336,267.5,11.154199600219727,N/A,27261,14.136300086975098,2.0184099674224854,0.24161000549793243
2019,1,26,9,0,0.9633119702339172,11.908300399780273,267.5,10.941300392150879,N/A,24869,12.851200103759766,1.9490400552749634,0.2482600063085556
2019,1,26,12,0,0.9641450047492981,12.02750015258789,267.5,10.999500274658203,N/A,25568,14.136300086975098,1.9643299579620361,0.2565999925136566
2019,1,26,15,0,0.9668580293655396,12.299599647521973,267.5,11.276800155639648,N/A,30841,14.136300086975098,2.1284000873565674,0.25192999839782715
2019,1,26,18,0,0.9692580103874207,12.337300300598145,267.5,11.357999801635742,N/A,34840,14.136300086975098,2.2589399814605713,0.24767999351024628
2019,1,26,21,0,0.9706079959869385,12.445599555969238,267.5,11.46500015258789,N/A,39174,12.851200103759766,2.3831300735473633,0.2485000044107437
2019,1,27,0,0,0.970337986946106,12.51609992980957,267.5,11.51930046081543,N/A,40593,12.851200103759766,2.4170401096343994,0.25130000710487366
2019,1,27,3,0,0.969523012638092,12.417099952697754,267.5,11.397000312805176,N/A,38836,15.550000190734863,2.374579906463623,0.2528400123119354
2019,1,27,6,0,0.9673709869384766,12.350799560546875,267.5,11.339599609375,N/A,36543,15.550000190734863,2.309309959411621,0.25181999802589417
2019,1,27,9,0,0.9651020169258118,12.401800155639648,272.5,11.406100273132324,N/A,36924,15.550000190734863,2.31400990486145,0.2465900033712387
2019,1,27,12,0,0.9650120139122009,12.337300300598145,272.5,11.359100341796875,N/A,35693,15.550000190734863,2.2820000648498535,0.24403999745845795
2019,1,27,15,0,0.9642149806022644,12.141900062561035,272.5,11.147899627685547,N/A,32494,14.136300086975098,2.1985199451446533,0.24616999924182892
2019,1,27,18,0,0.9630240201950073,11.859100341796875,272.5,10.687899589538574,N/A,30055,14.136300086975098,2.143199920654297,0.2612600028514862
2019,1,27,21,0,0.961601972579956,11.606900215148926,272.5,10.356300354003906,N/A,27499,14.136300086975098,2.076200008392334,0.27180999517440796
2019,1,28,0,0,0.9599270224571228,11.395099639892578,272.5,10.144800186157227,N/A,24727,14.136300086975098,1.9911500215530396,0.2770000100135803
2019,1,28,3,0,0.9577530026435852,11.241000175476074,272.5,10.012399673461914,N/A,22208,14.136300086975098,1.903130054473877,0.2787899971008301
2019,1,28,6,0,0.9524779915809631,11.014900207519531,272.5,9.770600318908691,N/A,18365,14.136300086975098,1.7523499727249146,0.2856999933719635
2019,1,28,9,0,0.9457110166549683,10.730600357055664,272.5,8.644700050354004,N/A,17501,14.136300086975098,1.7340500354766846,0.3215399980545044
2019,1,28,12,0,0.9380670189857483,10.440899848937988,272.5,8.285599708557129,N/A,15078,12.851200103759766,1.6362099647521973,0.3343000113964081
2019,1,28,15,0,0.9305790066719055,10.225899696350098,272.5,7.75439977645874,N/A,15078,12.851200103759766,1.6543300151824951,0.3606500029563904
2019,1,28,18,0,0.933899998664856,10.35569953918457,272.5,8.185799598693848,N/A,13875,12.851200103759766,1.578950047492981,0.3423500061035156
2019,1,28,21,0,0.9348710179328918,10.377400398254395,272.5,8.120800018310547,N/A,12835,12.851200103759766,1.517490029335022,0.35113999247550964
2019,1,29,0,0,0.9361910223960876,10.594900131225586,272.5,8.323399543762207,N/A,12341,12.851200103759766,1.4698599576950073,0.3556300103664398
2019,1,29,3,0,0.9246600270271301,10.282500267028809,272.5,7.427800178527832,N/A,11296,11.682900428771973,1.4266599416732788,0.40288999676704407
2019,1,29,6,0,0.9125149846076965,10.15470027923584,277.5,6.8649001121521,N/A,11450,15.550000190734863,1.4405100345611572,0.4447999894618988
2019,1,29,9,0,0.9187120199203491,10.680500030517578,277.5,7.304100036621094,N/A,11893,15.550000190734863,1.4250400066375732,0.43007001280784607
2019,1,29,12,0,0.9306460022926331,11.364100456237793,277.5,8.034199714660645,N/A,12970,14.136300086975098,1.4372899532318115,0.4006800055503845
2019,1,29,15,0,0.9457709789276123,12.353699684143066,277.5,9.424300193786621,N/A,15343,14.136300086975098,1.4926199913024902,0.3519800007343292
2019,1,29,18,0,0.9540870189666748,13.042099952697754,277.5,10.444600105285645,N/A,17027,14.136300086975098,1.5257400274276733,0.31859999895095825
2019,1,29,21,0,0.9597070217132568,13.823800086975098,277.5,11.626899719238281,N/A,20831,18.81559944152832,1.6315900087356567,0.28742000460624695
2019,1,30,0,0,0.9667329788208008,14.114299774169922,277.5,12.503100395202637,N/A,24549,17.104999542236328,1.748610019683838,0.2543199956417084
2019,1,30,3,0,0.9682750105857849,14.1806001663208,277.5,12.780699729919434,N/A,26402,17.104999542236328,1.8061800003051758,0.23649999499320984
2019,1,30,6,0,0.9676669836044312,14.185400009155273,277.5,12.71030044555664,N/A,28266,17.104999542236328,1.8662899732589722,0.2278600037097931
2019,1,30,9,0,0.96601802110672,13.996100425720215,277.5,12.040900230407715,N/A,28697,15.550000190734863,1.893149971961975,0.23353999853134155
2019,1,30,12,0,0.9660750031471252,13.918999671936035,277.5,12.70359992980957,N/A,27602,15.550000190734863,1.8633500337600708,0.2072799950838089
2019,1,30,15,0,0.9655609726905823,13.74120044708252,277.5,12.689200401306152,N/A,26529,15.550000190734863,1.8406399488449097,0.1968500018119812
2019,1,30,18,0,0.960561990737915,13.40250015258789,277.5,12.118499755859375,N/A,25698,15.550000190734863,1.837440013885498,0.21449999511241913
2019,1,30,21,0,0.9546599984169006,13.117600440979004,277.5,11.781900405883789,N/A,24216,15.550000190734863,1.8071600198745728,0.22195999324321747
2019,1,31,0,0,0.9464219808578491,12.7947998046875,277.5,11.563400268554688,N/A,22382,14.136300086975098,1.7659499645233154,0.2210099995136261
2019,1,31,3,0,0.9309170246124268,12.335100173950195,272.5,11.141599655151367,N/A,21538,14.136300086975098,1.773229956626892,0.2303600013256073
2019,1,31,6,0,0.914605975151062,12.00220012664795,267.5,10.889900207519531,N/A,22005,14.136300086975098,1.8243600130081177,0.2374500036239624
2019,1,31,9,0,0.9061539769172668,11.821200370788574,267.5,10.859299659729004,N/A,23293,14.136300086975098,1.897029995918274,0.2361299991607666
2019,1,31,12,0,0.9035789966583252,11.675700187683105,262.5,10.7878999710083,N/A,23853,14.136300086975098,1.93858003616333,0.24773000180721283
2019,1,31,15,0,0.9017410278320312,11.5246000289917,262.5,10.34630012512207,N/A,23057,12.851200103759766,1.926550030708313,0.28905999660491943
2019,1,31,18,0,0.890438973903656,10.667200088500977,262.5,8.190199851989746,N/A,20130,11.682900428771973,1.8812600374221802,0.39976000785827637
2019,1,31,21,0,0.8846060037612915,10.43340015411377,262.5,7.437399864196777,N/A,22336,12.851200103759766,2.002650022506714,0.4947899878025055
2019,2,1,0,0,0.8729820251464844,10.183300018310547,262.5,6.808899879455566,N/A,25208,20.697200775146484,2.1498000621795654,0.5708900094032288
2019,2,1,3,0,0.8644809722900391,10.311100006103516,262.5,7.056099891662598,N/A,34725,20.697200775146484,2.501889944076538,0.5767999887466431
2019,2,1,6,0,0.842170000076294,10.123299598693848,262.5,6.974299907684326,N/A,40949,18.81559944152832,2.7368500232696533,0.5764200091362
2019,2,1,9,0,0.8319569826126099,10.46560001373291,262.5,7.312099933624268,N/A,52045,18.81559944152832,3.021630048751831,0.5531499981880188
2019,2,1,12,0,0.7991189956665039,10.218700408935547,257.5,7.370100021362305,N/A,65008,18.81559944152832,3.421560049057007,0.5429999828338623
2019,2,1,15,0,0.7763440012931824,10.02970027923584,257.5,7.55049991607666,N/A,68595,17.104999542236328,3.5585200786590576,0.5084800124168396
2019,2,1,18,0,0.7920179963111877,10.324899673461914,257.5,7.833399772644043,N/A,65201,17.104999542236328,3.407949924468994,0.48416998982429504
2019,2,1,21,0,0.787434995174408,10.036199569702148,257.5,7.543000221252441,N/A,61005,17.104999542236328,3.3468899726867676,0.48996999859809875
2019,2,2,0,0,0.8057169914245605,10.067000389099121,257.5,7.890999794006348,N/A,58034,17.104999542236328,3.2649600505828857,0.4637700021266937
2019,2,2,3,0,0.8483070135116577,10.883700370788574,262.5,8.911399841308594,N/A,59614,17.104999542236328,3.166249990463257,0.40658000111579895
2019,2,2,6,0,0.8663679957389832,10.98069953918457,262.5,9.313899993896484,N/A,52525,17.104999542236328,2.963059902191162,0.36691999435424805
2019,2,2,9,0,0.8735449910163879,11.249199867248535,262.5,9.761899948120117,N/A,50542,15.550000190734863,2.8686599731445312,0.33774998784065247
2019,2,2,12,0,0.8653659820556641,10.776800155639648,262.5,9.068400382995605,N/A,41701,15.550000190734863,2.672139883041382,0.3529199957847595
2019,2,2,15,0,0.8907960057258606,10.278499603271484,267.5,8.876899719238281,N/A,52573,15.550000190734863,3.089740037918091,0.3479999899864197
2019,2,2,18,0,0.887054979801178,10.203100204467773,272.5,9.031700134277344,N/A,47194,15.550000190734863,2.9478399753570557,0.324070006608963
2019,2,2,21,0,0.8881750106811523,10.201499938964844,277.5,9.066300392150879,N/A,41828,15.550000190734863,2.776010036468506,0.31749001145362854
2019,2,3,0,0,0.8913959860801697,10.090299606323242,282.5,8.982999801635742,N/A,37496,15.550000190734863,2.6454999446868896,0.3158400058746338
2019,2,3,3,0,0.8803359866142273,9.956199645996094,282.5,8.84060001373291,N/A,31754,14.136300086975098,2.4528400897979736,0.31957998871803284
2019,2,3,6,0,0.8649150133132935,9.899299621582031,282.5,8.777199745178223,N/A,29000,14.136300086975098,2.3515400886535645,0.3194099962711334
2019,2,3,9,0,0.8537690043449402,9.684300422668457,282.5,8.574199676513672,N/A,27697,14.136300086975098,2.3289599418640137,0.3214600086212158
2019,2,3,12,0,0.8335819840431213,9.194499969482422,277.5,7.662499904632568,N/A,27782,14.136300086975098,2.3996500968933105,0.3616900146007538
2019,2,3,15,0,0.8454710245132446,8.277400016784668,277.5,6.834199905395508,N/A,39265,8.77750015258789,3.031830072402954,0.38938000798225403
2019,2,3,18,0,0.8893910050392151,8.88479995727539,277.5,7.934199810028076,N/A,66014,9.655200004577637,3.8078300952911377,0.29670000076293945
2019,2,3,21,0,0.9064810276031494,9.294699668884277,282.5,8.369999885559082,N/A,71942,10.620800018310547,3.8727800846099854,0.2840999960899353
2019,2,4,0,0,0.8951550126075745,9.511500358581543,287.5,8.664899826049805,N/A,49779,10.620800018310547,3.179919958114624,0.27651000022888184
2019,2,4,3,0,0.8983089923858643,10.095199584960938,287.5,9.201299667358398,N/A,45181,10.620800018310547,2.9189701080322266,0.27717000246047974
2019,2,4,6,0,0.9116569757461548,10.673999786376953,282.5,9.835399627685547,N/A,52069,10.620800018310547,3.028700113296509,0.25863999128341675
2019,2,4,9,0,0.9111959934234619,10.901300430297852,282.5,9.046600341796875,N/A,57761,11.682900428771973,3.1341300010681152,0.3048200011253357
2019,2,4,12,0,0.8963819742202759,10.727800369262695,287.5,8.555800437927246,N/A,50783,12.851200103759766,2.95809006690979,0.34081000089645386
2019,2,4,15,0,0.8772910237312317,10.535599708557129,287.5,7.814499855041504,N/A,40894,12.851200103759766,2.672060012817383,0.39579999446868896
2019,2,4,18,0,0.855105996131897,10.105600357055664,287.5,7.142099857330322,N/A,30898,12.851200103759766,2.374150037765503,0.4420199990272522
2019,2,4,21,0,0.8775720000267029,10.520899772644043,287.5,7.31279993057251,N/A,29488,12.851200103759766,2.264669895172119,0.4415000081062317
2019,2,5,0,0,0.908282995223999,11.21049976348877,287.5,8.036399841308594,N/A,28779,15.550000190734863,2.160599946975708,0.41238000988960266
2019,2,5,3,0,0.9316689968109131,12.192299842834473,282.5,9.698800086975098,N/A,28645,15.550000190734863,2.056950092315674,0.3481900095939636
2019,2,5,6,0,0.9444440007209778,12.646400451660156,282.5,10.69219970703125,N/A,28047,15.550000190734863,1.9920400381088257,0.32023999094963074
2019,2,5,9,0,0.9501799941062927,12.933899879455566,282.5,11.265000343322754,N/A,28027,15.550000190734863,1.9637800455093384,0.3053300082683563
2019,2,5,12,0,0.9483500123023987,12.660400390625,282.5,11.07040023803711,N/A,25716,15.550000190734863,1.9045900106430054,0.306410014629364
2019,2,5,15,0,0.9550420045852661,12.507800102233887,282.5,11.058300018310547,N/A,28876,15.550000190734863,2.0340399742126465,0.2965700030326843
2019,2,5,18,0,0.955830991268158,12.152099609375,282.5,10.774499893188477,N/A,29774,14.136300086975098,2.1026198863983154,0.3011400103569031
2019,2,5,21,0,0.9619870185852051,11.972599983215332,282.5,10.62440013885498,N/A,34114,14.136300086975098,2.2702701091766357,0.303600013256073
2019,2,6,0,0,0.9606789946556091,11.500900268554688,282.5,10.102899551391602,N/A,30764,15.550000190734863,2.20740008354187,0.3220599889755249
2019,2,6,3,0,0.9586610198020935,11.468799591064453,282.5,9.937399864196777,N/A,27388,15.550000190734863,2.083440065383911,0.332069993019104
2019,2,6,6,0,0.9588670134544373,11.528499603271484,282.5,9.92770004272461,N/A,24913,15.550000190734863,1.9794000387191772,0.3321399986743927
2019,2,6,9,0,0.9628340005874634,11.597800254821777,282.5,10.036700248718262,N/A,24964,15.550000190734863,1.9745399951934814,0.32267001271247864
2019,2,6,12,0,0.9621469974517822,11.46150016784668,282.5,9.939000129699707,N/A,23973,15.550000190734863,1.9493499994277954,0.32339999079704285
2019,2,6,15,0,0.9616119861602783,11.270500183105469,282.5,9.815699577331543,N/A,23978,15.550000190734863,1.9706599712371826,0.3249100148677826
2019,2,6,18,0,0.9617469906806946,11.297599792480469,282.5,9.85099983215332,N/A,23982,15.550000190734863,1.9684300422668457,0.3220599889755249
2019,2,6,21,0,0.9659140110015869,11.619999885559082,282.5,10.092399597167969,N/A,26536,14.136300086975098,2.036180019378662,0.31123000383377075
2019,2,7,0,0,0.9665970206260681,11.632800102233887,282.5,10.068599700927734,N/A,27075,14.136300086975098,2.055609941482544,0.31126999855041504
2019,2,7,3,0,0.9643179774284363,11.731300354003906,282.5,10.133299827575684,N/A,27490,14.136300086975098,2.0604100227355957,0.31025999784469604
2019,2,7,6,0,0.9592170119285583,11.630599975585938,282.5,10.034700393676758,N/A,24068,14.136300086975098,1.9383000135421753,0.3127700090408325
2019,2,7,9,0,0.958253026008606,11.69159984588623,282.5,9.761300086975098,N/A,23070,14.136300086975098,1.8910499811172485,0.31376001238822937
2019,2,7,12,0,0.953095018863678,11.510600090026855,282.5,9.501999855041504,N/A,22025,14.136300086975098,1.8636800050735474,0.3265500068664551
2019,2,7,15,0,0.9485160112380981,11.508199691772461,282.5,9.552499771118164,N/A,20904,14.136300086975098,1.8160799741744995,0.3278299868106842
2019,2,7,18,0,0.9473549723625183,11.63759994506836,282.5,9.741900444030762,N/A,19802,14.136300086975098,1.756350040435791,0.3227599859237671
2019,2,7,21,0,0.9473990201950073,11.812299728393555,282.5,9.93179988861084,N/A,19339,15.550000190734863,1.7201100587844849,0.3158299922943115
2019,2,8,0,0,0.955007016658783,12.17389965057373,282.5,10.439599990844727,N/A,22426,14.136300086975098,1.818910002708435,0.29072999954223633
2019,2,8,3,0,0.9529520273208618,12.037500381469727,282.5,10.41409969329834,N/A,20844,14.136300086975098,1.7664300203323364,0.2838299870491028
2019,2,8,6,0,0.9610210061073303,12.193699836730957,282.5,10.906299591064453,N/A,24832,14.136300086975098,1.916100025177002,0.2490600049495697
2019,2,8,9,0,0.963038980960846,12.076199531555176,282.5,11.01930046081543,N/A,26204,14.136300086975098,1.9830600023269653,0.23413999378681183
2019,2,8,12,0,0.963687002658844,11.867400169372559,282.5,10.956899642944336,N/A,26618,12.851200103759766,2.022979974746704,0.22885000705718994
2019,2,8,15,0,0.9622520208358765,11.643899917602539,282.5,10.728400230407715,N/A,25398,12.851200103759766,2.0009799003601074,0.23411999642848969
2019,2,8,18,0,0.9585549831390381,11.378399848937988,277.5,10.39169979095459,N/A,21835,12.851200103759766,1.8834999799728394,0.2529500126838684
2019,2,8,21,0,0.9543520212173462,9.980199813842773,277.5,8.752900123596191,N/A,26154,11.682900428771973,2.2268900871276855,0.34654000401496887
2019,2,9,0,0,0.93088299036026,9.191399574279785,277.5,7.002799987792969,N/A,25858,11.682900428771973,2.315969944000244,0.44857001304626465
2019,2,9,3,0,0.8935859799385071,9.031599998474121,282.5,6.411099910736084,N/A,24311,11.682900428771973,2.262860059738159,0.5235099792480469
2019,2,9,6,0,0.7842119932174683,8.126199722290039,282.5,5.331500053405762,N/A,24565,20.697200775146484,2.3990399837493896,0.6492400169372559
2019,2,9,9,0,0.5824940204620361,7.30679988861084,297.5,5.247000217437744,N/A,30134,20.697200775146484,2.818579912185669,0.6628999710083008
2019,2,9,12,0,0.6266000270843506,7.819200038909912,302.5,5.55620002746582,N/A,37867,18.81559944152832,3.041440010070801,0.6613799929618835
2019,2,9,15,0,0.635233998298645,7.868199825286865,302.5,5.635700225830078,N/A,46115,18.81559944152832,3.346440076828003,0.643750011920929
2019,2,9,18,0,0.7393199801445007,8.838000297546387,292.5,6.013299942016602,N/A,44568,18.81559944152832,3.073199987411499,0.63264000415802
2019,2,9,21,0,0.7695119976997375,9.16759967803955,292.5,5.8867998123168945,N/A,42354,18.81559944152832,2.9217000007629395,0.6522300243377686
2019,2,10,0,0,0.7947490215301514,9.484199523925781,292.5,6.012400150299072,N/A,43901,17.104999542236328,2.9142000675201416,0.6297799944877625
2019,2,10,3,0,0.8552060127258301,10.246800422668457,287.5,6.33620023727417,N/A,40124,18.81559944152832,2.6653499603271484,0.5901299715042114
2019,2,10,6,0,0.902999997138977,11.399499893188477,287.5,6.965099811553955,N/A,35275,18.81559944152832,2.3520700931549072,0.5288699865341187
2019,2,10,9,0,0.9424030184745789,13.136300086975098,282.5,9.189499855041504,N/A,31334,17.104999542236328,2.0523200035095215,0.4002000093460083
2019,2,10,12,0,0.9543049931526184,13.785099983215332,282.5,10.996899604797363,N/A,27924,17.104999542236328,1.8870699405670166,0.3269200026988983
2019,2,10,15,0,0.9571750164031982,13.788399696350098,282.5,11.453900337219238,N/A,25771,17.104999542236328,1.8120399713516235,0.3030099868774414
2019,2,10,18,0,0.9326310157775879,12.12720012664795,282.5,7.680600166320801,N/A,24917,17.104999542236328,1.903630018234253,0.44530001282691956
2019,2,10,21,0,0.7991359829902649,8.880499839782715,272.5,5.690999984741211,N/A,28352,17.104999542236328,2.4100000858306885,0.619159996509552
2019,2,11,0,0,0.8441140055656433,8.331999778747559,272.5,6.043000221252441,N/A,30864,15.550000190734863,2.6250998973846436,0.5713899731636047
2019,2,11,3,0,0.9034119844436646,8.511300086975098,277.5,6.725900173187256,N/A,33439,15.550000190734863,2.7276101112365723,0.48017001152038574
2019,2,11,6,0,0.9290260076522827,9.329299926757812,277.5,7.869100093841553,N/A,31100,15.550000190734863,2.510540008544922,0.3997099995613098
2019,2,11,9,0,0.9307000041007996,9.528300285339355,282.5,8.21030044555664,N/A,26757,15.550000190734863,2.305769920349121,0.3690299987792969
2019,2,11,12,0,0.932578980922699,9.678000450134277,282.5,8.434800148010254,N/A,24186,9.655200004577637,2.1758499145507812,0.3471899926662445
2019,2,11,15,0,0.9269090294837952,9.675299644470215,282.5,7.997099876403809,N/A,20570,14.136300086975098,2.0022599697113037,0.3657799959182739
2019,2,11,18,0,0.8430439829826355,8.344599723815918,282.5,5.745999813079834,N/A,19146,14.136300086975098,2.0796899795532227,0.5160300135612488
2019,2,11,21,0,0.735755980014801,7.555500030517578,282.5,5.113399982452393,N/A,17008,14.136300086975098,2.0617599487304688,0.5872899889945984
2019,2,12,0,0,0.5195729732513428,6.6066999435424805,267.5,4.876299858093262,N/A,16348,12.851200103759766,2.182300090789795,0.5876500010490417
2019,2,12,3,0,0.603547990322113,7.3531999588012695,237.5,5.686500072479248,N/A,15459,12.851200103759766,2.0191900730133057,0.4869999885559082
2019,2,12,6,0,0.8025509715080261,8.269000053405762,227.5,7.032400131225586,N/A,24323,8.77750015258789,2.405519962310791,0.33827000856399536
2019,2,12,9,0,0.8249710202217102,8.869799613952637,227.5,7.810299873352051,N/A,27860,9.655200004577637,2.4798099994659424,0.29363998770713806
2019,2,12,12,0,0.8272219896316528,9.288200378417969,227.5,8.373499870300293,N/A,26981,9.655200004577637,2.3762600421905518,0.2862299978733063
2019,2,12,15,0,0.8010290265083313,9.943300247192383,237.5,8.89330005645752,N/A,33607,9.655200004577637,2.5380499362945557,0.3182699978351593
2019,2,12,18,0,0.7952499985694885,10.340700149536133,247.5,9.11340045928955,N/A,46289,9.655200004577637,2.897979974746704,0.33406999707221985
2019,2,12,21,0,0.7893660068511963,11.065899848937988,257.5,9.781399726867676,N/A,56249,14.136300086975098,3.060849905014038,0.31106001138687134
2019,2,13,0,0,0.7739840149879456,11.068099975585938,262.5,9.839099884033203,N/A,53961,14.136300086975098,2.9978599548339844,0.298009991645813
2019,2,13,3,0,0.7537509799003601,11.065500259399414,257.5,9.931900024414062,N/A,45809,14.136300086975098,2.764899969100952,0.2843700051307678
2019,2,13,6,0,0.7362269759178162,11.050800323486328,257.5,10.104999542236328,N/A,40407,14.136300086975098,2.603519916534424,0.26429998874664307
2019,2,13,9,0,0.7225710153579712,10.877400398254395,257.5,10.007200241088867,N/A,35479,12.851200103759766,2.4659900665283203,0.25764000415802
2019,2,13,12,0,0.7080690264701843,10.613300323486328,252.5,9.70359992980957,N/A,32680,12.851200103759766,2.402899980545044,0.26212000846862793
2019,2,13,15,0,0.6891850233078003,10.425000190734863,247.5,9.571599960327148,N/A,31572,12.851200103759766,2.3888800144195557,0.2615100145339966
2019,2,13,18,0,0.6777080297470093,10.233400344848633,247.5,9.428400039672852,N/A,28374,11.682900428771973,2.292419910430908,0.2598699927330017
2019,2,13,21,0,0.6774430274963379,10.25409984588623,247.5,9.442000389099121,N/A,27134,11.682900428771973,2.239799976348877,0.2623400092124939
2019,2,14,0,0,0.673524022102356,10.171600341796875,247.5,9.102700233459473,N/A,24915,11.682900428771973,2.156169891357422,0.2782500088214874
2019,2,14,3,0,0.6748899817466736,10.286600112915039,247.5,9.191900253295898,N/A,23513,10.620800018310547,2.082580089569092,0.2914600074291229
2019,2,14,6,0,0.6673460006713867,10.026800155639648,242.5,8.519100189208984,N/A,20562,10.620800018310547,1.9759199619293213,0.31415998935699463
2019,2,14,9,0,0.6788409948348999,10.444899559020996,247.5,8.537699699401855,N/A,22368,10.620800018310547,2.009929895401001,0.3569200038909912
2019,2,14,12,0,0.689857006072998,10.371999740600586,232.5,8.214699745178223,N/A,22903,12.851200103759766,2.036720037460327,0.3531799912452698
2019,2,14,15,0,0.6552479863166809,9.857000350952148,237.5,6.920000076293945,N/A,28704,12.851200103759766,2.3304200172424316,0.46077001094818115
2019,2,14,18,0,0.6553940176963806,10.09589958190918,237.5,6.989299774169922,N/A,28721,18.81559944152832,2.2977099418640137,0.4710400104522705
2019,2,14,21,0,0.6289029717445374,9.170000076293945,232.5,6.247399806976318,N/A,25468,11.682900428771973,2.2781100273132324,0.5049399733543396
2019,2,15,0,0,0.6461089849472046,9.805800437927246,237.5,6.69320011138916,N/A,24386,11.682900428771973,2.1462700366973877,0.4729900062084198
2019,2,15,3,0,0.6955100297927856,10.867300033569336,247.5,7.170199871063232,N/A,27643,17.104999542236328,2.152679920196533,0.4649699926376343
2019,2,15,6,0,0.8062750101089478,12.313300132751465,257.5,8.452400207519531,N/A,48542,17.104999542236328,2.649630069732666,0.4196999967098236
2019,2,15,9,0,0.885358989238739,13.569499969482422,267.5,10.834600448608398,N/A,98301,17.104999542236328,3.5705299377441406,0.3193100094795227
2019,2,15,12,0,0.8845229744911194,13.01550006866455,267.5,10.531200408935547,N/A,113869,15.550000190734863,3.93599009513855,0.3272700011730194
2019,2,15,15,0,0.8545780181884766,12.213199615478516,267.5,9.92710018157959,N/A,113448,15.550000190734863,4.076459884643555,0.3462899923324585
2019,2,15,18,0,0.8381590247154236,11.84749984741211,272.5,9.663399696350098,N/A,102900,15.550000190734863,3.9525299072265625,0.35060998797416687
2019,2,15,21,0,0.8483260273933411,11.921199798583984,272.5,9.934000015258789,N/A,89914,15.550000190734863,3.6854701042175293,0.32840999960899353
2019,2,16,0,0,0.8454480171203613,11.699700355529785,277.5,9.841400146484375,N/A,77450,14.136300086975098,3.461560010910034,0.3186100125312805
2019,2,16,3,0,0.8380740284919739,11.582500457763672,277.5,10.181099891662598,N/A,65756,14.136300086975098,3.215780019760132,0.2919999957084656
2019,2,16,6,0,0.8294410109519958,11.405599594116211,277.5,10.361599922180176,N/A,55247,14.136300086975098,2.9813098907470703,0.2651599943637848
2019,2,16,9,0,0.8236200213432312,11.271599769592285,277.5,10.42650032043457,N/A,50770,12.851200103759766,2.882930040359497,0.2453400045633316
2019,2,16,12,0,0.782817006111145,10.560400009155273,267.5,9.852800369262695,N/A,47081,12.851200103759766,2.8970000743865967,0.24142999947071075
2019,2,16,15,0,0.775439977645874,10.006400108337402,267.5,9.282099723815918,N/A,47579,11.682900428771973,3.012399911880493,0.2485799938440323
2019,2,16,18,0,0.8134570121765137,9.557999610900879,272.5,8.699399948120117,N/A,46349,11.682900428771973,3.0540199279785156,0.2701199948787689
2019,2,16,21,0,0.8635609745979309,9.61870002746582,277.5,8.764200210571289,N/A,44611,11.682900428771973,2.9877099990844727,0.26291999220848083
2019,2,17,0,0,0.8798450231552124,9.412799835205078,282.5,8.573800086975098,N/A,38400,10.620800018310547,2.8100600242614746,0.2702299952507019
2019,2,17,3,0,0.9008449912071228,9.433500289916992,282.5,8.648500442504883,N/A,36225,10.620800018310547,2.7299399375915527,0.269459992647171
2019,2,17,6,0,0.9096559882164001,9.463600158691406,282.5,8.708800315856934,N/A,32439,10.620800018310547,2.5826399326324463,0.27590999007225037
2019,2,17,9,0,0.9084439873695374,9.47070026397705,282.5,8.581600189208984,N/A,25853,10.620800018310547,2.304379940032959,0.31984999775886536
2019,2,17,12,0,0.9175289869308472,9.664299964904785,282.5,8.61340045928955,N/A,23683,9.655200004577637,2.1768500804901123,0.3550899922847748
2019,2,17,15,0,0.9339860081672668,10.167699813842773,282.5,8.9197998046875,N/A,26330,9.655200004577637,2.2246899604797363,0.3800100088119507
2019,2,17,18,0,0.9381150007247925,10.212699890136719,282.5,8.971400260925293,N/A,26212,9.655200004577637,2.212430000305176,0.37626001238822937
2019,2,17,21,0,0.9482399821281433,10.53439998626709,282.5,9.240400314331055,N/A,28985,9.655200004577637,2.281100034713745,0.3706800043582916
2019,2,18,0,0,0.947130024433136,10.666000366210938,282.5,9.288000106811523,N/A,26858,9.655200004577637,2.1754701137542725,0.3747499883174896
2019,2,18,3,0,0.9536510109901428,10.996899604797363,282.5,9.564200401306152,N/A,28489,17.104999542236328,2.1974101066589355,0.3670800030231476
2019,2,18,6,0,0.9461060166358948,10.81350040435791,282.5,9.394700050354004,N/A,23383,17.104999542236328,2.0082900524139404,0.3681600093841553
2019,2,18,9,0,0.9436929821968079,10.721099853515625,287.5,9.26259994506836,N/A,20052,17.104999542236328,1.865630030632019,0.3686800003051758
2019,2,18,12,0,0.9480080008506775,10.988699913024902,287.5,9.415200233459473,N/A,19496,17.104999542236328,1.8077900409698486,0.36550000309944153
2019,2,18,15,0,0.9462469816207886,11.077199935913086,282.5,9.41510009765625,N/A,18027,15.550000190734863,1.7262599468231201,0.3669700026512146
2019,2,18,18,0,0.9476990103721619,10.637800216674805,282.5,9.07349967956543,N/A,16725,15.550000190734863,1.7025099992752075,0.37000998854637146
2019,2,18,21,0,0.9503200054168701,10.531000137329102,287.5,8.944999694824219,N/A,15952,15.550000190734863,1.6701600551605225,0.36768001317977905
2019,2,19,0,0,0.9522730112075806,10.477499961853027,282.5,8.581299781799316,N/A,15701,15.550000190734863,1.6584199666976929,0.377920001745224
2019,2,19,3,0,0.9554250240325928,10.530900001525879,282.5,8.481800079345703,N/A,15840,15.550000190734863,1.6591399908065796,0.3796299993991852
2019,2,19,6,0,0.9584320187568665,10.581100463867188,282.5,8.492300033569336,N/A,16539,14.136300086975098,1.6907000541687012,0.3741300106048584
2019,2,19,9,0,0.9540979862213135,10.385600090026855,282.5,8.442700386047363,N/A,15263,14.136300086975098,1.6434799432754517,0.37229999899864197
2019,2,19,12,0,0.953669011592865,10.33329963684082,282.5,8.510700225830078,N/A,16042,14.136300086975098,1.6916199922561646,0.3641299903392792
2019,2,19,15,0,0.9554290175437927,10.180000305175781,282.5,8.554400444030762,N/A,18031,14.136300086975098,1.8123500347137451,0.35732001066207886
2019,2,19,18,0,0.9566410183906555,10.370699882507324,282.5,8.758700370788574,N/A,18867,12.851200103759766,1.8351199626922607,0.3475300073623657
2019,2,19,21,0,0.9578649997711182,10.170100212097168,282.5,7.516499996185303,N/A,22098,12.851200103759766,2.0006399154663086,0.4067800045013428
2019,2,20,0,0,0.944225013256073,8.883000373840332,277.5,7.009500026702881,N/A,31581,12.851200103759766,2.5917000770568848,0.4305399954319
2019,2,20,3,0,0.9463559985160828,8.813699722290039,282.5,6.972300052642822,N/A,34643,15.550000190734863,2.7260398864746094,0.43285998702049255
2019,2,20,6,0,0.9432060122489929,8.504500389099121,282.5,7.138199806213379,N/A,44840,7.979499816894531,3.1906700134277344,0.37817999720573425
2019,2,20,9,0,0.9440789818763733,9.015000343322754,282.5,7.887499809265137,N/A,45239,8.77750015258789,3.1130599975585938,0.3232100009918213
2019,2,20,12,0,0.952750027179718,9.685799598693848,282.5,8.694700241088867,N/A,46913,9.655200004577637,3.0434699058532715,0.290910005569458
2019,2,20,15,0,0.9519640207290649,10.171600341796875,287.5,9.220199584960938,N/A,47438,11.682900428771973,2.9713199138641357,0.2802099883556366
2019,2,20,18,0,0.9553269743919373,10.757699966430664,287.5,9.75409984588623,N/A,53399,11.682900428771973,3.044610023498535,0.27838999032974243
2019,2,20,21,0,0.9620779752731323,11.212400436401367,287.5,10.214099884033203,N/A,62538,11.682900428771973,3.212519884109497,0.27215999364852905
2019,2,21,0,0,0.9609580039978027,11.332500457763672,287.5,10.339400291442871,N/A,60685,11.682900428771973,3.1427199840545654,0.26883000135421753
2019,2,21,3,0,0.964709997177124,11.662699699401855,287.5,10.662799835205078,N/A,66384,11.682900428771973,3.228440046310425,0.26504001021385193
2019,2,21,6,0,0.9618679881095886,11.472200393676758,287.5,10.502900123596191,N/A,57684,11.682900428771973,3.0394999980926514,0.26271000504493713
2019,2,21,9,0,0.9654150009155273,11.54800033569336,287.5,10.621800422668457,N/A,59212,12.851200103759766,3.0662600994110107,0.25336000323295593
2019,2,21,12,0,0.9626749753952026,11.350899696350098,287.5,10.421299934387207,N/A,50300,12.851200103759766,2.856060028076172,0.2571699917316437
2019,2,21,15,0,0.9634060263633728,11.325400352478027,287.5,10.403499603271484,N/A,46170,14.136300086975098,2.7400400638580322,0.2557600140571594
2019,2,21,18,0,0.9636369943618774,11.212699890136719,287.5,10.300399780273438,N/A,40089,14.136300086975098,2.5693600177764893,0.25602999329566956
2019,2,21,21,0,0.9691929817199707,11.187899589538574,287.5,10.324600219726562,N/A,38721,14.136300086975098,2.529520034790039,0.24820999801158905
2019,2,22,0,0,0.9678869843482971,11.15410041809082,287.5,10.275300025939941,N/A,34038,14.136300086975098,2.3751699924468994,0.24955999851226807
2019,2,22,3,0,0.9658859968185425,11.19320011138916,287.5,10.29520034790039,N/A,30444,14.136300086975098,2.2406198978424072,0.2491600066423416
2019,2,22,6,0,0.9619309902191162,10.970999717712402,287.5,10.06779956817627,N/A,24609,14.136300086975098,2.040479898452759,0.2525399923324585
2019,2,22,9,0,0.955365002155304,10.49590015411377,282.5,8.63599967956543,N/A,21032,12.851200103759766,1.9327900409698486,0.303739994764328
2019,2,22,12,0,0.9350849986076355,9.493300437927246,282.5,7.023399829864502,N/A,20457,12.851200103759766,2.0088999271392822,0.40549999475479126
2019,2,22,15,0,0.850068986415863,7.2204999923706055,267.5,5.635799884796143,N/A,30948,12.851200103759766,2.8809499740600586,0.48208001255989075
2019,2,22,18,0,0.9035900235176086,8.012800216674805,277.5,6.918700218200684,N/A,36981,7.979499816894531,3.0024499893188477,0.3660700023174286
2019,2,22,21,0,0.9316800236701965,8.284199714660645,282.5,7.260300159454346,N/A,45406,8.77750015258789,3.2760300636291504,0.33445000648498535
2019,2,23,0,0,0.9346250295639038,8.298700332641602,287.5,7.2195000648498535,N/A,40171,8.77750015258789,3.075390100479126,0.34224000573158264
2019,2,23,3,0,0.9292359948158264,8.234800338745117,287.5,6.99429988861084,N/A,30210,7.979499816894531,2.670340061187744,0.3694700002670288
2019,2,23,6,0,0.9359989762306213,9.080300331115723,287.5,7.616600036621094,N/A,32952,12.851200103759766,2.6287999153137207,0.3685699999332428
2019,2,23,9,0,0.9469169974327087,10.256500244140625,292.5,8.902199745178223,N/A,40473,12.851200103759766,2.71412992477417,0.316210001707077
2019,2,23,12,0,0.9505739808082581,10.696900367736816,292.5,9.513899803161621,N/A,41588,12.851200103759766,2.6867599487304688,0.2829900085926056
2019,2,23,15,0,0.9510759711265564,10.77280044555664,292.5,9.70009994506836,N/A,39440,12.851200103759766,2.6079599857330322,0.26820001006126404
2019,2,23,18,0,0.9514139890670776,10.754400253295898,292.5,9.773699760437012,N/A,37439,12.851200103759766,2.5463500022888184,0.25676000118255615
2019,2,23,21,0,0.9518700242042542,10.65530014038086,292.5,9.679699897766113,N/A,35631,12.851200103759766,2.5010299682617188,0.25088998675346375
2019,2,24,0,0,0.9517139792442322,10.492500305175781,292.5,9.545499801635742,N/A,32324,11.682900428771973,2.4072399139404297,0.248539999127388
2019,2,24,3,0,0.9493370056152344,10.348799705505371,292.5,9.237000465393066,N/A,29588,11.682900428771973,2.322849988937378,0.25641000270843506
2019,2,24,6,0,0.9447500109672546,10.20479965209961,292.5,9.133199691772461,N/A,25582,11.682900428771973,2.1794300079345703,0.2580200135707855
2019,2,24,9,0,0.9391289949417114,10.01710033416748,292.5,8.858400344848633,N/A,22020,11.682900428771973,2.045530080795288,0.26388001441955566
2019,2,24,12,0,0.930974006652832,9.860600471496582,292.5,8.649200439453125,N/A,18421,11.682900428771973,1.8889800310134888,0.2706800103187561
2019,2,24,15,0,0.921226978302002,9.60770034790039,287.5,8.123100280761719,N/A,15629,11.682900428771973,1.7663899660110474,0.2908799946308136
2019,2,24,18,0,0.903219997882843,9.17710018157959,287.5,7.234899997711182,N/A,13314,10.620800018310547,1.6713600158691406,0.3378300070762634
2019,2,24,21,0,0.8627470135688782,8.409899711608887,287.5,6.076600074768066,N/A,11660,10.620800018310547,1.6375800371170044,0.4181399941444397
2019,2,25,0,0,0.8322269916534424,8.068499565124512,287.5,5.722499847412109,N/A,9954,10.620800018310547,1.5470000505447388,0.4465000033378601
2019,2,25,3,0,0.8214460015296936,8.598799705505371,282.5,6.2342000007629395,N/A,9009,10.620800018310547,1.4226499795913696,0.4143899977207184
2019,2,25,6,0,0.7708420157432556,8.913700103759766,277.5,7.003499984741211,N/A,8774,10.620800018310547,1.3814400434494019,0.35585999488830566
2019,2,25,9,0,0.725924015045166,8.62969970703125,267.5,6.560500144958496,N/A,8607,9.655200004577637,1.3911700248718262,0.3838900029659271
2019,2,25,12,0,0.696628987789154,8.322199821472168,262.5,6.0355000495910645,N/A,9313,9.655200004577637,1.4702099561691284,0.43876001238822937
2019,2,25,15,0,0.6597570180892944,7.848599910736084,257.5,5.542200088500977,N/A,9601,9.655200004577637,1.538349986076355,0.4812699854373932
2019,2,25,18,0,0.6426370143890381,7.6757001876831055,252.5,5.417300224304199,N/A,9397,9.655200004577637,1.5402300357818604,0.48820000886917114
2019,2,25,21,0,0.6176559925079346,7.352700233459473,247.5,5.182499885559082,N/A,9210,9.655200004577637,1.5600500106811523,0.5062999725341797
2019,2,26,0,0,0.6463279724121094,7.695300102233887,247.5,5.390900135040283,N/A,8698,14.136300086975098,1.4780900478363037,0.490200012922287
2019,2,26,3,0,0.6960859894752502,8.441900253295898,247.5,6.214600086212158,N/A,7747,14.136300086975098,1.3287700414657593,0.4214000105857849
2019,2,26,6,0,0.7079319953918457,8.522700309753418,247.5,6.286200046539307,N/A,7039,14.136300086975098,1.2596299648284912,0.41492000222206116
2019,2,26,9,0,0.6867600083351135,8.010499954223633,242.5,5.382999897003174,N/A,7024,14.136300086975098,1.297469973564148,0.4836199879646301
2019,2,26,12,0,0.6843460202217102,7.989299774169922,227.5,5.393700122833252,N/A,8834,11.682900428771973,1.4563000202178955,0.4895299971103668
2019,2,26,15,0,0.7125319838523865,8.115300178527832,212.5,5.627600193023682,N/A,11921,10.620800018310547,1.6824400424957275,0.4644300043582916
2019,2,26,18,0,0.6876950263977051,7.589399814605713,212.5,5.3871002197265625,N/A,13445,9.655200004577637,1.8552800416946411,0.485289990901947
2019,2,26,21,0,0.6238260269165039,7.23799991607666,217.5,5.207600116729736,N/A,14456,9.655200004577637,1.9702399969100952,0.5116000175476074
2019,2,27,0,0,0.6106879711151123,7.285600185394287,222.5,5.229800224304199,N/A,14228,9.655200004577637,1.9450099468231201,0.518589973449707
2019,2,27,3,0,0.6058530211448669,7.211900234222412,222.5,5.11329984664917,N/A,13440,9.655200004577637,1.898010015487671,0.5370299816131592
2019,2,27,6,0,0.6046959757804871,7.182600021362305,227.5,4.9720001220703125,N/A,12888,9.655200004577637,1.8600300550460815,0.5557000041007996
2019,2,27,9,0,0.5807350277900696,7.357999801635742,237.5,5.038300037384033,N/A,13645,14.136300086975098,1.8837499618530273,0.5838900208473206
2019,2,27,12,0,0.6544100046157837,8.15149974822998,242.5,5.255799770355225,N/A,11536,12.851200103759766,1.6410499811172485,0.5994600057601929
2019,2,27,15,0,0.6911619901657104,8.619099617004395,252.5,5.268499851226807,N/A,11775,12.851200103759766,1.6073800325393677,0.6375200152397156
2019,2,27,18,0,0.7997450232505798,11.355299949645996,262.5,7.198299884796143,N/A,13095,22.76689910888672,1.4659199714660645,0.5467100143432617
2019,2,27,21,0,0.8395659923553467,12.845399856567383,267.5,8.815899848937988,N/A,13679,22.76689910888672,1.4021400213241577,0.4785600006580353
2019,2,28,0,0,0.8727279901504517,14.088000297546387,272.5,8.946999549865723,N/A,19112,20.697200775146484,1.569309949874878,0.45882999897003174
2019,2,28,3,0,0.8309580087661743,11.642200469970703,267.5,6.547500133514404,N/A,31380,20.697200775146484,2.2146599292755127,0.6254400014877319
2019,2,28,6,0,0.8180069923400879,11.400799751281738,267.5,6.7941999435424805,N/A,35515,18.81559944152832,2.372849941253662,0.5975900292396545
2019,2,28,9,0,0.8694189786911011,12.856300354003906,272.5,7.801700115203857,N/A,45426,18.81559944152832,2.5019400119781494,0.5101199746131897
2019,2,28,12,0,0.8772469758987427,13.111000061035156,272.5,8.041299819946289,N/A,39488,18.81559944152832,2.3038299083709717,0.47964999079704285
2019,2,28,15,0,0.8764140009880066,13.278300285339355,272.5,8.748299598693848,N/A,34907,17.104999542236328,2.1474099159240723,0.4281899929046631
2019,2,28,18,0,0.8781660199165344,13.875800132751465,272.5,10.52810001373291,N/A,38141,17.104999542236328,2.1906299591064453,0.34307000041007996
2019,2,28,21,0,0.8628399968147278,13.660699844360352,272.5,11.016200065612793,N/A,38731,17.104999542236328,2.2282299995422363,0.321289986371994
2019,3,1,0,0,0.801468014717102,12.33650016784668,262.5,9.976099967956543,N/A,34531,17.104999542236328,2.232530117034912,0.3625899851322174
2019,3,1,3,0,0.7573729753494263,11.69260025024414,262.5,9.761899948120117,N/A,36174,15.550000190734863,2.3605599403381348,0.35806000232696533
2019,3,1,6,0,0.7286319732666016,11.256500244140625,257.5,9.599300384521484,N/A,34865,15.550000190734863,2.3730599880218506,0.35040000081062317
2019,3,1,9,0,0.7182440161705017,10.801300048828125,252.5,9.190899848937988,N/A,30097,15.550000190734863,2.259399890899658,0.35951998829841614
2019,3,1,12,0,0.723397970199585,10.682299613952637,252.5,8.758600234985352,N/A,27541,15.550000190734863,2.1736600399017334,0.3652699887752533
2019,3,1,15,0,0.7222219705581665,10.425299644470215,252.5,8.384400367736816,N/A,23467,14.136300086975098,2.034519910812378,0.37547001242637634
2019,3,1,18,0,0.7312380075454712,10.470999717712402,257.5,8.532699584960938,N/A,21827,14.136300086975098,1.9584399461746216,0.3607200086116791
2019,3,1,21,0,0.7378969788551331,10.650799751281738,257.5,9.138099670410156,N/A,21013,14.136300086975098,1.906149983406067,0.32861000299453735
2019,3,2,0,0,0.7272120118141174,10.641799926757812,257.5,9.355899810791016,N/A,21191,14.136300086975098,1.9195799827575684,0.30788999795913696
2019,3,2,3,0,0.7225900292396545,10.541199684143066,252.5,9.389599800109863,N/A,20098,14.136300086975098,1.8827400207519531,0.29892998933792114
2019,3,2,6,0,0.7267339825630188,10.412599563598633,252.5,9.16670036315918,N/A,18371,14.136300086975098,1.8135299682617188,0.30344998836517334
2019,3,2,9,0,0.7390120029449463,10.457599639892578,257.5,9.329400062561035,N/A,16723,12.851200103759766,1.7262200117111206,0.3022400140762329
2019,3,2,12,0,0.7555680274963379,10.607600212097168,257.5,9.399299621582031,N/A,15780,12.851200103759766,1.6623300313949585,0.3094800114631653
2019,3,2,15,0,0.7759460210800171,10.73550033569336,262.5,9.008099555969238,N/A,15404,12.851200103759766,1.6285899877548218,0.3307799994945526
2019,3,2,18,0,0.7845849990844727,10.75570011138916,267.5,8.714699745178223,N/A,14377,12.851200103759766,1.5698000192642212,0.347790002822876
2019,3,2,21,0,0.8031870126724243,10.570099830627441,272.5,7.507500171661377,N/A,14980,12.851200103759766,1.6107399463653564,0.40595000982284546
2019,3,3,0,0,0.8267480134963989,10.715100288391113,272.5,7.429800033569336,N/A,15643,12.851200103759766,1.6299899816513062,0.4146600067615509
2019,3,3,3,0,0.8704050183296204,11.617600440979004,277.5,8.818099975585938,N/A,17036,15.550000190734863,1.6252700090408325,0.3487299978733063
2019,3,3,6,0,0.882066011428833,11.64210033416748,277.5,8.703499794006348,N/A,16416,15.550000190734863,1.5920499563217163,0.3451800048351288
2019,3,3,9,0,0.8980110287666321,11.728899955749512,277.5,8.580900192260742,N/A,16931,15.550000190734863,1.6080299615859985,0.3459399938583374
2019,3,3,12,0,0.909205973148346,11.677900314331055,277.5,8.490599632263184,N/A,16035,14.136300086975098,1.5690499544143677,0.3437199890613556
2019,3,3,15,0,0.9174460172653198,11.377900123596191,277.5,7.888500213623047,N/A,16548,14.136300086975098,1.6157300472259521,0.36959001421928406
2019,3,3,18,0,0.927827000617981,11.319499969482422,277.5,7.855400085449219,N/A,17623,14.136300086975098,1.6715400218963623,0.37323999404907227
2019,3,3,21,0,0.9383100271224976,11.444100379943848,277.5,8.343600273132324,N/A,18591,14.136300086975098,1.7090599536895752,0.3477100133895874
2019,3,4,0,0,0.9333109855651855,11.499199867248535,277.5,8.583800315856934,N/A,18334,14.136300086975098,1.6944400072097778,0.3328700065612793
2019,3,4,3,0,0.9246940016746521,11.555800437927246,277.5,9.021900177001953,N/A,18278,14.136300086975098,1.6901400089263916,0.3091700077056885
2019,3,4,6,0,0.907302975654602,11.042499542236328,277.5,8.289899826049805,N/A,16727,14.136300086975098,1.6608599424362183,0.3351300060749054
2019,3,4,9,0,0.8882960081100464,10.512299537658691,277.5,7.376299858093262,N/A,16621,14.136300086975098,1.7004599571228027,0.3799299895763397
2019,3,4,12,0,0.8850100040435791,10.441399574279785,277.5,7.484000205993652,N/A,15334,12.851200103759766,1.6429799795150757,0.3673799932003021
2019,3,4,15,0,0.8754749894142151,10.339099884033203,277.5,7.276599884033203,N/A,13752,12.851200103759766,1.5651799440383911,0.3735800087451935
2019,3,4,18,0,0.859952986240387,10.045700073242188,272.5,6.892099857330322,N/A,12308,12.851200103759766,1.506019949913025,0.39135000109672546
2019,3,4,21,0,0.840982973575592,9.894599914550781,272.5,6.845300197601318,N/A,11509,12.851200103759766,1.4706000089645386,0.39302000403404236
2019,3,5,0,0,0.8384929895401001,10.289400100708008,267.5,7.964600086212158,N/A,12277,12.851200103759766,1.4900399446487427,0.335999995470047
2019,3,5,3,0,0.8249139785766602,10.303400039672852,267.5,8.059499740600586,N/A,11067,12.851200103759766,1.4157600402832031,0.32495999336242676
2019,3,5,6,0,0.8125100135803223,9.878000259399414,267.5,7.064799785614014,N/A,10641,12.851200103759766,1.4198999404907227,0.3736799955368042
2019,3,5,9,0,0.8066380023956299,9.908699989318848,267.5,7.230299949645996,N/A,9574,11.682900428771973,1.3467700481414795,0.3605700135231018
2019,3,5,12,0,0.8064240217208862,10.184399604797363,262.5,7.972599983215332,N/A,8706,11.682900428771973,1.268030047416687,0.31630998849868774
2019,3,5,15,0,0.8031749725341797,10.174099922180176,262.5,7.928899765014648,N/A,8436,11.682900428771973,1.2496099472045898,0.31433001160621643
2019,3,5,18,0,0.7888569831848145,9.841699600219727,262.5,7.249199867248535,N/A,8322,11.682900428771973,1.263069987297058,0.3516800105571747
2019,3,5,21,0,0.7865970134735107,10.090800285339355,262.5,7.85099983215332,N/A,8191,11.682900428771973,1.236899971961975,0.3228299915790558
2019,3,6,0,0,0.7787389755249023,9.821399688720703,267.5,7.10129976272583,N/A,8021,11.682900428771973,1.2410099506378174,0.36177000403404236
2019,3,6,3,0,0.7805759906768799,9.78030014038086,267.5,6.952700138092041,N/A,7786,11.682900428771973,1.224810004234314,0.37782999873161316
2019,3,6,6,0,0.7807570099830627,9.537099838256836,267.5,6.3703999519348145,N/A,7841,11.682900428771973,1.2430700063705444,0.4315600097179413
2019,3,6,9,0,0.7876049876213074,9.6003999710083,272.5,6.463699817657471,N/A,7740,11.682900428771973,1.2289299964904785,0.43841999769210815
2019,3,6,12,0,0.8079389929771423,10.088700294494629,272.5,7.009399890899658,N/A,7727,11.682900428771973,1.1931300163269043,0.4142700135707855
2019,3,6,15,0,0.8430100083351135,11.0447998046875,277.5,7.995200157165527,N/A,8202,15.550000190734863,1.1648399829864502,0.38264000415802
2019,3,6,18,0,0.8594779968261719,11.45460033416748,277.5,8.85669994354248,N/A,7989,15.550000190734863,1.1274700164794922,0.3409000039100647
2019,3,6,21,0,0.8881880044937134,12.279000282287598,277.5,10.162099838256836,N/A,9126,14.136300086975098,1.156290054321289,0.29534998536109924
2019,3,7,0,0,0.9084929823875427,11.589200019836426,277.5,8.463000297546387,N/A,10620,14.136300086975098,1.2833900451660156,0.36629000306129456
2019,3,7,3,0,0.9181129932403564,10.702199935913086,277.5,7.556000232696533,N/A,11251,14.136300086975098,1.3777199983596802,0.43123000860214233
2019,3,7,6,0,0.9292550086975098,10.681500434875488,277.5,7.730999946594238,N/A,12298,14.136300086975098,1.441640019416809,0.4241200089454651
2019,3,7,9,0,0.9078680276870728,10.449299812316895,277.5,7.374199867248535,N/A,12737,14.136300086975098,1.4864399433135986,0.4271700084209442
2019,3,7,12,0,0.8377879858016968,10.340900421142578,272.5,7.576300144195557,N/A,11950,14.136300086975098,1.4527599811553955,0.40707001090049744
2019,3,7,15,0,0.7930539846420288,10.727700233459473,267.5,8.294099807739258,N/A,13399,14.136300086975098,1.5124200582504272,0.3548400104045868
2019,3,7,18,0,0.7609519958496094,10.660799980163574,262.5,8.53849983215332,N/A,11779,14.136300086975098,1.428279995918274,0.3281700015068054
2019,3,7,21,0,0.7692580223083496,10.721400260925293,267.5,8.737700462341309,N/A,11622,14.136300086975098,1.4165699481964111,0.3040499985218048
2019,3,8,0,0,0.7656540274620056,10.32229995727539,262.5,8.42389965057373,N/A,10765,12.851200103759766,1.3942699432373047,0.317440003156662
2019,3,8,3,0,0.7682200074195862,10.11460018157959,262.5,8.489899635314941,N/A,10497,12.851200103759766,1.3939399719238281,0.31707999110221863
2019,3,8,6,0,0.7583919763565063,9.909700393676758,257.5,8.42140007019043,N/A,9578,12.851200103759766,1.3494600057601929,0.31400999426841736
2019,3,8,9,0,0.7511489987373352,9.667200088500977,252.5,8.152099609375,N/A,8613,12.851200103759766,1.2996599674224854,0.3180199861526489
2019,3,8,12,0,0.7518439888954163,9.398099899291992,257.5,7.581600189208984,N/A,8616,12.851200103759766,1.3212000131607056,0.3380799889564514
2019,3,8,15,0,0.7579100131988525,9.321599960327148,257.5,7.7052001953125,N/A,8427,12.851200103759766,1.3132100105285645,0.33621999621391296
2019,3,8,18,0,0.756479024887085,9.162300109863281,257.5,7.697999954223633,N/A,8027,11.682900428771973,1.2955600023269653,0.3349300026893616
2019,3,8,21,0,0.7851139903068542,9.289899826049805,262.5,7.980999946594238,N/A,8536,11.682900428771973,1.3270000219345093,0.3175100088119507
2019,3,9,0,0,0.8078190088272095,9.293899536132812,262.5,8.137299537658691,N/A,8758,11.682900428771973,1.34621000289917,0.3033899962902069
2019,3,9,3,0,0.8237500190734863,9.303400039672852,267.5,8.213299751281738,N/A,8299,11.682900428771973,1.3118400573730469,0.301829993724823
2019,3,9,6,0,0.8560240268707275,9.56089973449707,272.5,8.528200149536133,N/A,9304,11.682900428771973,1.369979977607727,0.30083999037742615
2019,3,9,9,0,0.8745059967041016,9.775899887084961,277.5,8.647500038146973,N/A,9651,11.682900428771973,1.378790020942688,0.33044999837875366
2019,3,9,12,0,0.8916119933128357,10.1875,277.5,8.486900329589844,N/A,10295,10.620800018310547,1.3897900581359863,0.3911899924278259
2019,3,9,15,0,0.9094600081443787,11.208900451660156,277.5,9.017000198364258,N/A,12291,20.697200775146484,1.4345799684524536,0.4423600137233734
2019,3,9,18,0,0.9168050289154053,12.490599632263184,277.5,9.537799835205078,N/A,14941,20.697200775146484,1.4835799932479858,0.45844998955726624
2019,3,9,21,0,0.9404579997062683,14.312399864196777,282.5,11.053099632263184,N/A,23126,20.697200775146484,1.704319953918457,0.3996500074863434
2019,3,10,0,0,0.9571740031242371,15.421299934387207,282.5,12.579400062561035,N/A,33620,18.81559944152832,1.9628299474716187,0.32857000827789307
2019,3,10,3,0,0.9631500244140625,15.243000030517578,282.5,10.88759994506836,N/A,44375,18.81559944152832,2.259269952774048,0.3481900095939636
2019,3,10,6,0,0.9591010212898254,14.511199951171875,282.5,10.3951997756958,N/A,46962,18.81559944152832,2.383310079574585,0.37610000371932983
2019,3,10,9,0,0.9600989818572998,14.564299583435059,277.5,11.528300285339355,N/A,52427,17.104999542236328,2.5111498832702637,0.3250499963760376
2019,3,10,12,0,0.957709014415741,14.515899658203125,277.5,12.250100135803223,N/A,53814,17.104999542236328,2.5493500232696533,0.2899099886417389
2019,3,10,15,0,0.9582340121269226,14.440500259399414,277.5,12.785699844360352,N/A,60358,17.104999542236328,2.7073800563812256,0.26183000206947327
2019,3,10,18,0,0.9517760276794434,14.087699890136719,277.5,12.708499908447266,N/A,62974,17.104999542236328,2.803149938583374,0.2544200122356415
2019,3,10,21,0,0.9359300136566162,13.527700424194336,277.5,12.229999542236328,N/A,54773,17.104999542236328,2.6760098934173584,0.2624500095844269
2019,3,11,0,0,0.9242479801177979,13.082599639892578,272.5,11.872099876403809,N/A,48938,15.550000190734863,2.5790700912475586,0.2640399932861328
2019,3,11,3,0,0.9258279800415039,12.900799751281738,277.5,11.80210018157959,N/A,48595,15.550000190734863,2.5903499126434326,0.2541300058364868
2019,3,11,6,0,0.9212120175361633,12.486900329589844,272.5,11.410900115966797,N/A,38186,15.550000190734863,2.3417000770568848,0.2594299912452698
2019,3,11,9,0,0.9202340245246887,12.108599662780762,272.5,11.061200141906738,N/A,29891,15.550000190734863,2.1116600036621094,0.2632800042629242
2019,3,11,12,0,0.9228190183639526,11.718500137329102,272.5,9.6496000289917,N/A,25585,15.550000190734863,1.9894100427627563,0.3095700144767761
2019,3,11,15,0,0.9138780236244202,11.163599967956543,277.5,8.333800315856934,N/A,25520,15.550000190734863,2.0350499153137207,0.39028000831604004
2019,3,11,18,0,0.8852440118789673,9.84280014038086,272.5,7.105299949645996,N/A,34000,14.136300086975098,2.522160053253174,0.47005000710487366
2019,3,11,21,0,0.8649470210075378,9.635199546813965,272.5,7.525899887084961,N/A,63960,14.136300086975098,3.5282299518585205,0.4343799948692322
2019,3,12,0,0,0.8329169750213623,9.61620044708252,262.5,7.6844000816345215,N/A,88251,11.682900428771973,4.1656599044799805,0.4282599985599518
2019,3,12,3,0,0.8321179747581482,10.598299980163574,262.5,8.652400016784668,N/A,114140,18.81559944152832,4.4796600341796875,0.4121899902820587
2019,3,12,6,0,0.8601369857788086,11.663399696350098,272.5,9.819100379943848,N/A,103463,18.81559944152832,4.031559944152832,0.38530999422073364
2019,3,12,9,0,0.9069210290908813,12.673199653625488,277.5,10.910400390625,N/A,116404,17.104999542236328,4.067359924316406,0.3458699882030487
2019,3,12,12,0,0.9165639877319336,12.692000389099121,277.5,10.915599822998047,N/A,111538,17.104999542236328,3.971410036087036,0.33803001046180725
2019,3,12,15,0,0.9157270193099976,11.267200469970703,277.5,8.98900032043457,N/A,105867,17.104999542236328,4.135610103607178,0.4053399860858917
2019,3,12,18,0,0.9275739789009094,11.274499893188477,277.5,9.093600273132324,N/A,110212,17.104999542236328,4.217350006103516,0.3994300067424774
2019,3,12,21,0,0.9368249773979187,11.006400108337402,282.5,8.888099670410156,N/A,105685,17.104999542236328,4.187320232391357,0.3985700011253357
2019,3,13,0,0,0.939624011516571,10.635499954223633,282.5,8.649900436401367,N/A,99195,15.550000190734863,4.141190052032471,0.39724001288414
2019,3,13,3,0,0.9426040053367615,10.952199935913086,282.5,9.172699928283691,N/A,86647,15.550000190734863,3.8082799911499023,0.3684700131416321
2019,3,13,6,0,0.9422590136528015,10.694299697875977,282.5,8.932900428771973,N/A,74257,15.550000190734863,3.5757899284362793,0.36803001165390015
2019,3,13,9,0,0.9427109956741333,10.715800285339355,277.5,8.982799530029297,N/A,70779,15.550000190734863,3.487220048904419,0.3615399897098541
2019,3,13,12,0,0.9463689923286438,10.92199993133545,277.5,9.305399894714355,N/A,70974,15.550000190734863,3.4549601078033447,0.3413800001144409
2019,3,13,15,0,0.9490410089492798,11.307299613952637,282.5,9.933199882507324,N/A,69165,15.550000190734863,3.3445301055908203,0.3086700141429901
2019,3,13,18,0,0.9504879713058472,11.57979965209961,282.5,10.336000442504883,N/A,64121,14.136300086975098,3.1762099266052246,0.28525999188423157
2019,3,13,21,0,0.9536020159721375,11.782299995422363,282.5,10.6496000289917,N/A,61170,14.136300086975098,3.0711801052093506,0.26576998829841614
2019,3,14,0,0,0.9538180232048035,11.740699768066406,282.5,10.647899627685547,N/A,53828,14.136300086975098,2.8884999752044678,0.25769999623298645
2019,3,14,3,0,0.9554889798164368,11.563599586486816,282.5,10.612799644470215,N/A,45317,14.136300086975098,2.6777100563049316,0.24942000210285187
2019,3,14,6,0,0.9502469897270203,11.275300025939941,282.5,10.327899932861328,N/A,34039,14.136300086975098,2.3578100204467773,0.2550100088119507
2019,3,14,9,0,0.9421399831771851,10.939399719238281,277.5,9.510899543762207,N/A,25009,14.136300086975098,2.0563199520111084,0.2836199998855591
2019,3,14,12,0,0.9121779799461365,9.47920036315918,272.5,7.358699798583984,N/A,18873,12.851200103759766,1.9333000183105469,0.3959900140762329
2019,3,14,15,0,0.9014760255813599,9.0826997756958,262.5,7.336999893188477,N/A,23630,14.136300086975098,2.2235898971557617,0.38433000445365906
2019,3,14,18,0,0.9104059934616089,9.576499938964844,262.5,7.923999786376953,N/A,34993,12.851200103759766,2.629549980163574,0.3438799977302551
2019,3,14,21,0,0.8991119861602783,9.350199699401855,257.5,7.718299865722656,N/A,38080,11.682900428771973,2.7838900089263916,0.3470200002193451
2019,3,15,0,0,0.8841400146484375,9.117400169372559,257.5,7.555099964141846,N/A,36387,11.682900428771973,2.7626099586486816,0.353630006313324
2019,3,15,3,0,0.8760280013084412,9.39009952545166,257.5,7.899700164794922,N/A,34820,11.682900428771973,2.6553399562835693,0.34641000628471375
2019,3,15,6,0,0.8705700039863586,9.57390022277832,262.5,7.946700096130371,N/A,32078,12.851200103759766,2.515850067138672,0.35506001114845276
2019,3,15,9,0,0.8759980201721191,9.94480037689209,267.5,8.332500457763672,N/A,30945,12.851200103759766,2.415210008621216,0.34749001264572144
2019,3,15,12,0,0.8915299773216248,10.503600120544434,267.5,8.965399742126465,N/A,31150,12.851200103759766,2.3465700149536133,0.32857000827789307
2019,3,15,15,0,0.9098160266876221,11.048100471496582,272.5,9.61460018157959,N/A,32679,12.851200103759766,2.332740068435669,0.3063099980354309
2019,3,15,18,0,0.9299619793891907,11.59179973602295,277.5,10.373000144958496,N/A,38218,12.851200103759766,2.4519100189208984,0.27402999997138977
2019,3,15,21,0,0.9347410202026367,11.604700088500977,277.5,10.516500473022461,N/A,36688,14.136300086975098,2.4018399715423584,0.26109999418258667
2019,3,16,0,0,0.9304599761962891,11.496800422668457,277.5,10.43970012664795,N/A,31406,14.136300086975098,2.23471999168396,0.2595300078392029
2019,3,16,3,0,0.9305890202522278,11.390000343322754,277.5,10.382699966430664,N/A,27905,12.851200103759766,2.1193299293518066,0.2548699975013733
2019,3,16,6,0,0.9291669726371765,11.142499923706055,277.5,10.153599739074707,N/A,24002,12.851200103759766,1.9932700395584106,0.25828999280929565
2019,3,16,9,0,0.9173600077629089,10.663299560546875,272.5,9.595600128173828,N/A,19156,12.851200103759766,1.8290599584579468,0.2788600027561188
2019,3,16,12,0,0.9031689763069153,10.107000350952148,272.5,8.635299682617188,N/A,15514,12.851200103759766,1.6986500024795532,0.31474998593330383
2019,3,16,15,0,0.8991600275039673,9.952199935913086,267.5,8.650099754333496,N/A,14005,12.851200103759766,1.6302399635314941,0.32190001010894775
2019,3,16,18,0,0.8978270292282104,9.870699882507324,262.5,8.650899887084961,N/A,13086,12.851200103759766,1.584689974784851,0.3315100073814392
2019,3,16,21,0,0.9073500037193298,9.981200218200684,262.5,8.74470043182373,N/A,13117,12.851200103759766,1.5774699449539185,0.34887999296188354
2019,3,17,0,0,0.9273160099983215,10.579099655151367,257.5,9.213899612426758,N/A,16832,11.682900428771973,1.7269099950790405,0.3577899932861328
2019,3,17,3,0,0.946528971195221,11.478899955749512,262.5,10.112199783325195,N/A,27710,11.682900428771973,2.109989881515503,0.3299199938774109
2019,3,17,6,0,0.9518709778785706,11.640899658203125,257.5,10.403499603271484,N/A,34702,11.682900428771973,2.3403799533843994,0.305869996547699
2019,3,17,9,0,0.953665018081665,11.88860034942627,257.5,10.662199974060059,N/A,39728,17.104999542236328,2.468669891357422,0.2943800091743469
2019,3,17,12,0,0.9526299834251404,12.199000358581543,262.5,11.004400253295898,N/A,45452,15.550000190734863,2.5959699153900146,0.27834001183509827
2019,3,17,15,0,0.9477369785308838,12.095600128173828,262.5,10.905200004577637,N/A,41222,15.550000190734863,2.483409881591797,0.2770799994468689
2019,3,17,18,0,0.945097029209137,11.901700019836426,257.5,10.734399795532227,N/A,36317,15.550000190734863,2.353529930114746,0.2761499881744385
2019,3,17,21,0,0.9422429800033569,11.52400016784668,257.5,10.397500038146973,N/A,29926,14.136300086975098,2.179610013961792,0.2767300009727478
2019,3,18,0,0,0.9358649849891663,11.17959976196289,257.5,10.061100006103516,N/A,24509,14.136300086975098,2.0101699829101562,0.2818399965763092
2019,3,18,3,0,0.9295039772987366,11.014100074768066,257.5,9.864299774169922,N/A,22175,14.136300086975098,1.9301799535751343,0.2843799889087677
2019,3,18,6,0,0.9230189919471741,10.570599555969238,257.5,9.109299659729004,N/A,18491,12.851200103759766,1.8075300455093384,0.30184999108314514
2019,3,18,9,0,0.9173979759216309,10.214099884033203,252.5,8.522700309753418,N/A,16807,11.682900428771973,1.758739948272705,0.31944000720977783
2019,3,18,12,0,0.918844997882843,10.100799560546875,252.5,8.549099922180176,N/A,15564,11.682900428771973,1.7058000564575195,0.31349000334739685
2019,3,18,15,0,0.917186975479126,10.010600090026855,252.5,8.152600288391113,N/A,15513,11.682900428771973,1.7103899717330933,0.3350299894809723
2019,3,18,18,0,0.9196339845657349,10.274700164794922,252.5,8.354299545288086,N/A,17046,11.682900428771973,1.7647000551223755,0.34171000123023987
2019,3,18,21,0,0.9242140054702759,10.658900260925293,252.5,8.491399765014648,N/A,19612,11.682900428771973,1.8502999544143677,0.35229000449180603
2019,3,19,0,0,0.929561972618103,11.200200080871582,252.5,9.025300025939941,N/A,22730,11.682900428771973,1.9338899850845337,0.34516000747680664
2019,3,19,3,0,0.9278389811515808,11.491800308227539,252.5,9.038399696350098,N/A,25883,11.682900428771973,2.029939889907837,0.3526099920272827
2019,3,19,6,0,0.9282640218734741,12.038800239562988,252.5,9.86929988861084,N/A,29669,11.682900428771973,2.115070104598999,0.32914999127388
2019,3,19,9,0,0.9247900247573853,12.388699531555176,252.5,10.38290023803711,N/A,33466,15.550000190734863,2.2080800533294678,0.315530002117157
2019,3,19,12,0,0.9222019910812378,12.500200271606445,252.5,10.464099884033203,N/A,35444,12.851200103759766,2.2591700553894043,0.31009000539779663
2019,3,19,15,0,0.9038280248641968,12.054499626159668,252.5,9.609999656677246,N/A,37850,14.136300086975098,2.379470109939575,0.3440200090408325
2019,3,19,18,0,0.8862839937210083,11.898699760437012,252.5,9.568300247192383,N/A,38952,12.851200103759766,2.4306600093841553,0.34735000133514404
2019,3,19,21,0,0.880046010017395,11.90820026397705,252.5,9.668999671936035,N/A,38458,12.851200103759766,2.4135499000549316,0.33882999420166016
2019,3,20,0,0,0.877249002456665,11.898300170898438,252.5,9.731900215148926,N/A,37453,15.550000190734863,2.383419990539551,0.3268299996852875
2019,3,20,3,0,0.8752009868621826,11.922900199890137,252.5,10.145600318908691,N/A,36012,15.550000190734863,2.3363900184631348,0.30390000343322754
2019,3,20,6,0,0.8699430227279663,11.785699844360352,252.5,10.057000160217285,N/A,34375,15.550000190734863,2.2993099689483643,0.29686999320983887
2019,3,20,9,0,0.8667269945144653,11.599599838256836,252.5,9.81029987335205,N/A,32246,15.550000190734863,2.248389959335327,0.29958999156951904
2019,3,20,12,0,0.8631970286369324,11.427599906921387,252.5,10.07759952545166,N/A,27294,14.136300086975098,2.0915300846099854,0.2835800051689148
2019,3,20,15,0,0.8628450036048889,11.411499977111816,252.5,10.261300086975098,N/A,26302,14.136300086975098,2.0571999549865723,0.27072998881340027
2019,3,20,18,0,0.855076014995575,11.084600448608398,247.5,10.046199798583984,N/A,23734,14.136300086975098,1.9922000169754028,0.27048999071121216
2019,3,20,21,0,0.8478339910507202,10.88949966430664,247.5,9.952199935913086,N/A,23275,10.620800018310547,1.9969899654388428,0.2680700123310089
2019,3,21,0,0,0.8460350036621094,10.724100112915039,242.5,9.84469985961914,N/A,22055,10.620800018310547,1.9642499685287476,0.26941999793052673
2019,3,21,3,0,0.8472740054130554,10.695899963378906,242.5,9.82800006866455,N/A,21318,10.620800018310547,1.9355800151824951,0.27472999691963196
2019,3,21,6,0,0.8533040285110474,10.629400253295898,242.5,9.763199806213379,N/A,20491,10.620800018310547,1.9071999788284302,0.2797299921512604
2019,3,21,9,0,0.8524199724197388,10.018500328063965,237.5,8.036600112915039,N/A,19784,10.620800018310547,1.9345099925994873,0.3600499927997589
2019,3,21,12,0,0.8498319983482361,9.239399909973145,237.5,7.015100002288818,N/A,20397,10.620800018310547,2.051609992980957,0.4517799913883209
2019,3,21,15,0,0.8409540057182312,9.624799728393555,237.5,7.405099868774414,N/A,19842,9.655200004577637,1.9789700508117676,0.46500998735427856
2019,3,21,18,0,0.8387629985809326,10.287699699401855,242.5,7.875100135803223,N/A,20007,9.655200004577637,1.9111000299453735,0.46546000242233276
2019,3,21,21,0,0.846688985824585,11.328800201416016,252.5,8.32289981842041,N/A,24555,18.81559944152832,1.9951599836349487,0.4688799977302551
2019,3,22,0,0,0.8535730242729187,11.379899978637695,252.5,8.173700332641602,N/A,28827,18.81559944152832,2.145979881286621,0.4723599851131439
2019,3,22,3,0,0.8546289801597595,11.208000183105469,252.5,8.36240005493164,N/A,31784,17.104999542236328,2.2670700550079346,0.45184001326560974
2019,3,22,6,0,0.8533560037612915,11.309499740600586,257.5,8.742899894714355,N/A,33793,17.104999542236328,2.324739933013916,0.4230000078678131
2019,3,22,9,0,0.8505169749259949,11.052300453186035,252.5,8.816499710083008,N/A,31816,17.104999542236328,2.2893600463867188,0.40525001287460327
2019,3,22,12,0,0.8529490232467651,10.854999542236328,252.5,8.817399978637695,N/A,29760,15.550000190734863,2.2405600547790527,0.3960599899291992
2019,3,22,15,0,0.8596280217170715,10.793600082397461,247.5,8.82349967956543,N/A,29275,15.550000190734863,2.2329299449920654,0.40494999289512634
2019,3,22,18,0,0.8787059783935547,11.295599937438965,252.5,9.291099548339844,N/A,36548,15.550000190734863,2.4332098960876465,0.39779001474380493
2019,3,22,21,0,0.8860679864883423,11.093299865722656,252.5,8.242899894714355,N/A,55726,17.104999542236328,3.0250298976898193,0.4353800117969513
2019,3,23,0,0,0.8813899755477905,10.548100471496582,242.5,8.489999771118164,N/A,86337,17.104999542236328,3.892169952392578,0.4011000096797943
2019,3,23,3,0,0.869035005569458,11.44890022277832,247.5,9.677200317382812,N/A,92373,15.550000190734863,3.8373498916625977,0.35019001364707947
2019,3,23,6,0,0.8777819871902466,12.190199851989746,247.5,10.684300422668457,N/A,88002,15.550000190734863,3.6106200218200684,0.3086499869823456
2019,3,23,9,0,0.883437991142273,12.536700248718262,252.5,11.149200439453125,N/A,83319,15.550000190734863,3.457940101623535,0.2934400141239166
2019,3,23,12,0,0.8908939957618713,12.732600212097168,252.5,11.281900405883789,N/A,79703,15.550000190734863,3.3508899211883545,0.29229000210762024
2019,3,23,15,0,0.9020649790763855,12.982099533081055,252.5,11.548600196838379,N/A,80528,15.550000190734863,3.328130006790161,0.2865299880504608
2019,3,23,18,0,0.9127389788627625,13.147000312805176,257.5,11.80270004272461,N/A,80440,15.550000190734863,3.2998199462890625,0.2749899923801422
2019,3,23,21,0,0.9239680171012878,13.315600395202637,257.5,12.123200416564941,N/A,82646,15.550000190734863,3.3182599544525146,0.25718000531196594
2019,3,24,0,0,0.9287610054016113,13.28030014038086,262.5,12.185099601745605,N/A,81502,15.550000190734863,3.2994799613952637,0.24695999920368195
2019,3,24,3,0,0.933014988899231,13.199799537658691,262.5,12.173100471496582,N/A,77712,15.550000190734863,3.2316598892211914,0.23883000016212463
2019,3,24,6,0,0.927495002746582,12.824399948120117,262.5,11.856399536132812,N/A,63913,15.550000190734863,2.982100009918213,0.23923000693321228
2019,3,24,9,0,0.9243230223655701,12.483499526977539,262.5,11.554300308227539,N/A,52873,14.136300086975098,2.756999969482422,0.23965999484062195
2019,3,24,12,0,0.9178019762039185,12.078200340270996,262.5,11.164999961853027,N/A,42139,14.136300086975098,2.5121099948883057,0.2440900057554245
2019,3,24,15,0,0.9123259782791138,11.772000312805176,262.5,10.847999572753906,N/A,34527,14.136300086975098,2.3105199337005615,0.25099998712539673
2019,3,24,18,0,0.9149289727210999,11.686599731445312,262.5,10.74429988861084,N/A,31283,14.136300086975098,2.209120035171509,0.25411999225616455
2019,3,24,21,0,0.9238420128822327,11.71399974822998,257.5,10.806400299072266,N/A,31769,12.851200103759766,2.2238800525665283,0.2467299997806549
2019,3,25,0,0,0.930092990398407,11.687800407409668,257.5,10.818499565124512,N/A,31893,12.851200103759766,2.2325599193573,0.24105000495910645
2019,3,25,3,0,0.9336069822311401,11.66100025177002,257.5,10.822099685668945,N/A,32146,12.851200103759766,2.2455201148986816,0.23660999536514282
2019,3,25,6,0,0.9349550008773804,11.571000099182129,257.5,10.768500328063965,N/A,32907,12.851200103759766,2.2842400074005127,0.23226000368595123
2019,3,25,9,0,0.9310899972915649,11.253999710083008,252.5,10.227399826049805,N/A,31675,12.851200103759766,2.280369997024536,0.24589000642299652
2019,3,25,12,0,0.9195960164070129,10.959600448608398,252.5,9.577099800109863,N/A,32196,11.682900428771973,2.335779905319214,0.268449991941452
2019,3,25,15,0,0.8898670077323914,10.322999954223633,247.5,7.940499782562256,N/A,33385,11.682900428771973,2.455709934234619,0.3438200056552887
2019,3,25,18,0,0.8567860126495361,10.119799613952637,247.5,7.695099830627441,N/A,33552,11.682900428771973,2.48580002784729,0.37299999594688416
2019,3,25,21,0,0.8717280030250549,11.162599563598633,247.5,9.80210018157959,N/A,32999,11.682900428771973,2.3376400470733643,0.27917999029159546
2019,3,26,0,0,0.8625839948654175,10.805000305175781,247.5,8.844799995422363,N/A,35094,14.136300086975098,2.4507200717926025,0.32256001234054565
2019,3,26,3,0,0.8245720267295837,9.586700439453125,242.5,7.3907999992370605,N/A,37723,12.851200103759766,2.7147700786590576,0.4007200002670288
2019,3,26,6,0,0.8023250102996826,8.853400230407715,237.5,6.879700183868408,N/A,37793,12.851200103759766,2.845629930496216,0.42291000485420227
2019,3,26,9,0,0.79093998670578,8.857000350952148,232.5,7.077000141143799,N/A,35640,12.851200103759766,2.769969940185547,0.39991000294685364
2019,3,26,12,0,0.7857109904289246,9.156599998474121,232.5,7.703100204467773,N/A,30168,12.851200103759766,2.5087599754333496,0.35833001136779785
2019,3,26,15,0,0.7834550142288208,9.177599906921387,232.5,7.780799865722656,N/A,25462,12.851200103759766,2.30649995803833,0.3444100022315979
2019,3,26,18,0,0.7777460217475891,8.897700309753418,232.5,7.339200019836426,N/A,22036,11.682900428771973,2.1854400634765625,0.36024999618530273
2019,3,26,21,0,0.7771300077438354,8.820300102233887,232.5,7.4456000328063965,N/A,18983,11.682900428771973,2.0421700477600098,0.35124000906944275
2019,3,27,0,0,0.7751989960670471,8.883899688720703,232.5,7.730400085449219,N/A,17206,11.682900428771973,1.9394999742507935,0.33528000116348267
2019,3,27,3,0,0.7868779897689819,8.754799842834473,232.5,7.7204999923706055,N/A,14780,9.655200004577637,1.8150700330734253,0.33368000388145447
2019,3,27,6,0,0.7901849746704102,8.69260025024414,232.5,7.740200042724609,N/A,13293,8.77750015258789,1.7295900583267212,0.329800009727478
2019,3,27,9,0,0.7736020088195801,8.048299789428711,232.5,6.252799987792969,N/A,12410,8.77750015258789,1.7401100397109985,0.4021199941635132
2019,3,27,12,0,0.7427129745483398,7.530200004577637,232.5,5.687300205230713,N/A,11326,8.77750015258789,1.7214499711990356,0.4438999891281128
2019,3,27,15,0,0.6620680093765259,6.661099910736084,227.5,4.831500053405762,N/A,10848,8.77750015258789,1.7949600219726562,0.5210300087928772
2019,3,27,18,0,0.5765089988708496,6.4496002197265625,227.5,4.8694000244140625,N/A,10752,8.77750015258789,1.8175499439239502,0.5190600156784058
2019,3,27,21,0,0.6084520220756531,6.744100093841553,232.5,4.907599925994873,N/A,9823,8.77750015258789,1.6938400268554688,0.5382599830627441
2019,3,28,0,0,0.6891859769821167,7.600800037384033,232.5,5.381800174713135,N/A,9045,8.77750015258789,1.5227999687194824,0.5188800096511841
2019,3,28,3,0,0.7725020051002502,9.065699577331543,232.5,6.988100051879883,N/A,8754,9.655200004577637,1.3638099431991577,0.4226599931716919
2019,3,28,6,0,0.7909150123596191,8.555999755859375,232.5,6.327499866485596,N/A,11123,9.655200004577637,1.5809099674224854,0.48723000288009644
2019,3,28,9,0,0.7784140110015869,8.915800094604492,227.5,7.469699859619141,N/A,16727,8.77750015258789,1.8997100591659546,0.4311400055885315
2019,3,28,12,0,0.7557410001754761,9.284099578857422,232.5,7.592100143432617,N/A,16908,18.81559944152832,1.8628000020980835,0.440530002117157
2019,3,28,15,0,0.7513239979743958,9.513999938964844,237.5,7.803999900817871,N/A,19781,17.104999542236328,1.983970046043396,0.43498000502586365
2019,3,28,18,0,0.7436230182647705,10.152700424194336,242.5,8.414199829101562,N/A,22947,17.104999542236328,2.055720090866089,0.41565001010894775
2019,3,28,21,0,0.7577030062675476,11.17199993133545,252.5,9.323100090026855,N/A,29287,17.104999542236328,2.1922199726104736,0.3874399960041046
2019,3,29,0,0,0.7607790231704712,11.158599853515625,257.5,9.483099937438965,N/A,29686,17.104999542236328,2.2092199325561523,0.3682999908924103
2019,3,29,3,0,0.7709029912948608,11.357999801635742,257.5,9.796199798583984,N/A,33030,15.550000190734863,2.305340051651001,0.3498300015926361
2019,3,29,6,0,0.7575380206108093,11.138299942016602,252.5,9.712800025939941,N/A,31382,15.550000190734863,2.274980068206787,0.34193000197410583
2019,3,29,9,0,0.7549560070037842,11.141300201416016,252.5,9.766300201416016,N/A,30583,15.550000190734863,2.245490074157715,0.3344300091266632
2019,3,29,12,0,0.7490860223770142,11.022199630737305,252.5,9.734999656677246,N/A,28554,15.550000190734863,2.1849000453948975,0.32495999336242676
2019,3,29,15,0,0.7437260150909424,10.933099746704102,252.5,9.742600440979004,N/A,27368,15.550000190734863,2.1511499881744385,0.31255999207496643
2019,3,29,18,0,0.7398970127105713,10.88949966430664,247.5,9.796699523925781,N/A,27277,15.550000190734863,2.1549899578094482,0.2986699938774109
2019,3,29,21,0,0.7373669743537903,10.8302001953125,247.5,9.803799629211426,N/A,26908,14.136300086975098,2.1490800380706787,0.2903499901294708
2019,3,30,0,0,0.7425739765167236,10.865300178527832,247.5,9.793800354003906,N/A,26115,14.136300086975098,2.111799955368042,0.291920006275177
2019,3,30,3,0,0.7437289953231812,10.654999732971191,247.5,9.54699993133545,N/A,22419,14.136300086975098,1.980049967765808,0.30011001229286194
2019,3,30,6,0,0.7523980140686035,10.705599784851074,252.5,9.60569953918457,N/A,21146,14.136300086975098,1.9169800281524658,0.3007499873638153
2019,3,30,9,0,0.7626309990882874,10.76099967956543,252.5,9.600600242614746,N/A,18992,14.136300086975098,1.8097200393676758,0.3095499873161316
2019,3,30,12,0,0.7730630040168762,10.897199630737305,257.5,9.6943998336792,N/A,18181,14.136300086975098,1.756469964981079,0.3102799952030182
2019,3,30,15,0,0.7766889929771423,10.810700416564941,252.5,9.527000427246094,N/A,15330,12.851200103759766,1.6200599670410156,0.32409998774528503
2019,3,30,18,0,0.7851740121841431,10.814599990844727,257.5,9.498299598693848,N/A,14211,12.851200103759766,1.559630036354065,0.325300008058548
2019,3,30,21,0,0.7891770005226135,10.758999824523926,257.5,9.406200408935547,N/A,13008,12.851200103759766,1.4972599744796753,0.33166998624801636
2019,3,31,0,0,0.7944660186767578,10.80739974975586,257.5,9.322199821472168,N/A,12169,12.851200103759766,1.4444799423217773,0.3449299931526184
2019,3,31,3,0,0.7995949983596802,10.17650032043457,257.5,7.441100120544434,N/A,12274,12.851200103759766,1.4961199760437012,0.4371199905872345
2019,3,31,6,0,0.8038229942321777,10.327400207519531,257.5,7.857500076293945,N/A,11558,12.851200103759766,1.440600037574768,0.43896999955177307
2019,3,31,9,0,0.8084700107574463,10.68970012664795,252.5,8.09939956665039,N/A,10572,11.682900428771973,1.3530299663543701,0.4575999975204468
2019,3,31,12,0,0.8147069811820984,11.020299911499023,252.5,8.378199577331543,N/A,10057,11.682900428771973,1.2985600233078003,0.4563100039958954
2019,3,31,15,0,0.8272609710693359,11.863900184631348,257.5,8.96619987487793,N/A,10767,20.697200775146484,1.2900500297546387,0.45375001430511475
2019,3,31,18,0,0.8457679748535156,13.11400032043457,262.5,9.91469955444336,N/A,12786,20.697200775146484,1.330430030822754,0.43463999032974243
2019,3,31,21,0,0.868690013885498,14.314299583435059,267.5,11.061300277709961,N/A,16514,20.697200775146484,1.439620018005371,0.39364001154899597
2019,4,1,0,0,0.88298499584198,14.930500030517578,272.5,11.905599594116211,N/A,19514,18.81559944152832,1.5233700275421143,0.3509100079536438
2019,4,1,3,0,0.900475025177002,15.36299991607666,272.5,11.977999687194824,N/A,24478,18.81559944152832,1.6731599569320679,0.3223299980163574
2019,4,1,6,0,0.9099140167236328,15.480500221252441,272.5,12.276000022888184,N/A,29440,18.81559944152832,1.823099970817566,0.3022100031375885
2019,4,1,9,0,0.9006329774856567,14.868599891662598,272.5,11.24020004272461,N/A,28648,18.81559944152832,1.8358700275421143,0.31672999262809753
2019,4,1,12,0,0.8866369724273682,14.184900283813477,267.5,10.880999565124512,N/A,26553,17.104999542236328,1.8134299516677856,0.32034000754356384
2019,4,1,15,0,0.8748499751091003,13.494999885559082,267.5,10.436599731445312,N/A,26763,17.104999542236328,1.871559977531433,0.32659998536109924
2019,4,1,18,0,0.8688730001449585,13.273699760437012,267.5,10.748000144958496,N/A,27628,17.104999542236328,1.9207799434661865,0.3146800100803375
2019,4,1,21,0,0.864346981048584,13.162199974060059,262.5,11.251099586486816,N/A,27134,17.104999542236328,1.9146900177001953,0.3016600012779236
2019,4,2,0,0,0.8564370274543762,12.847000122070312,262.5,11.23639965057373,N/A,25022,17.104999542236328,1.8653899431228638,0.301580011844635
2019,4,2,3,0,0.8461719751358032,12.482000350952148,262.5,11.031399726867676,N/A,22770,15.550000190734863,1.8094300031661987,0.3033300042152405
2019,4,2,6,0,0.8363990187644958,12.154800415039062,257.5,10.64799976348877,N/A,21474,15.550000190734863,1.7839100360870361,0.3125399947166443
2019,4,2,9,0,0.8281940221786499,11.808899879455566,257.5,9.700300216674805,N/A,20889,15.550000190734863,1.787269949913025,0.3377299904823303
2019,4,2,12,0,0.8225430250167847,11.71720027923584,257.5,9.828200340270996,N/A,20138,15.550000190734863,1.7636499404907227,0.3317500054836273
2019,4,2,15,0,0.81243497133255,11.488800048828125,257.5,10.009699821472168,N/A,19627,15.550000190734863,1.7636100053787231,0.3234100043773651
2019,4,2,18,0,0.8072540163993835,11.188699722290039,252.5,9.835000038146973,N/A,19253,15.550000190734863,1.776129961013794,0.3231300115585327
2019,4,2,21,0,0.8080819845199585,10.982199668884277,247.5,9.737500190734863,N/A,18038,15.550000190734863,1.7405799627304077,0.31988000869750977
2019,4,3,0,0,0.808305025100708,10.910599708557129,247.5,9.534000396728516,N/A,17706,14.136300086975098,1.7313300371170044,0.32229000329971313
2019,4,3,3,0,0.8072350025177002,10.130399703979492,242.5,7.901000022888184,N/A,16671,14.136300086975098,1.748020052909851,0.39250999689102173
2019,4,3,6,0,0.8059989809989929,9.957300186157227,242.5,8.087499618530273,N/A,15607,14.136300086975098,1.7088899612426758,0.39041000604629517
2019,4,3,9,0,0.808247983455658,9.652999877929688,242.5,7.678100109100342,N/A,13508,14.136300086975098,1.6184300184249878,0.4066599905490875
2019,4,3,12,0,0.7984619736671448,8.577699661254883,237.5,6.145899772644043,N/A,12819,14.136300086975098,1.678320050239563,0.4966700077056885
2019,4,3,15,0,0.784168004989624,7.803299903869629,232.5,5.7368998527526855,N/A,13725,14.136300086975098,1.8306100368499756,0.5212299823760986
2019,4,3,18,0,0.7892199754714966,7.4268999099731445,227.5,5.558599948883057,N/A,13147,14.136300086975098,1.842560052871704,0.5281100273132324
2019,4,3,21,0,0.809382975101471,6.963600158691406,227.5,5.392899990081787,N/A,14331,5.995100021362305,1.9970300197601318,0.5205699801445007
2019,4,4,0,0,0.82635897397995,7.092700004577637,227.5,5.74970006942749,N/A,15335,6.594600200653076,2.0535199642181396,0.47231000661849976
2019,4,4,3,0,0.8256670236587524,7.304299831390381,227.5,5.954400062561035,N/A,14548,7.2540998458862305,1.9692399501800537,0.46369001269340515
2019,4,4,6,0,0.8134949803352356,7.5503997802734375,227.5,5.996099948883057,N/A,12178,7.2540998458862305,1.7629200220108032,0.49254000186920166
2019,4,4,9,0,0.8110970258712769,8.044099807739258,232.5,6.269100189208984,N/A,10252,12.851200103759766,1.5555499792099,0.5084199905395508
2019,4,4,12,0,0.8180710077285767,8.367300033569336,232.5,6.3007001876831055,N/A,8970,15.550000190734863,1.4183299541473389,0.522570013999939
2019,4,4,15,0,0.8230540156364441,8.77079963684082,237.5,6.5183000564575195,N/A,8439,15.550000190734863,1.3363300561904907,0.5188300013542175
2019,4,4,18,0,0.8326929807662964,9.09630012512207,237.5,6.719200134277344,N/A,8050,15.550000190734863,1.2762600183486938,0.5113199949264526
2019,4,4,21,0,0.8404889702796936,9.260700225830078,237.5,6.8516998291015625,N/A,7905,15.550000190734863,1.251539945602417,0.5003299713134766
2019,4,5,0,0,0.8499370217323303,9.161999702453613,237.5,6.901199817657471,N/A,8027,14.136300086975098,1.2704700231552124,0.490119993686676
2019,4,5,3,0,0.862313985824585,9.048100471496582,237.5,6.999800205230713,N/A,8172,14.136300086975098,1.295050024986267,0.47130000591278076
2019,4,5,6,0,0.876334011554718,8.675000190734863,237.5,6.483699798583984,N/A,8580,14.136300086975098,1.3644700050354004,0.46946999430656433
2019,4,5,9,0,0.8456540107727051,6.8719000816345215,227.5,5.270100116729736,N/A,14738,7.2540998458862305,2.0456600189208984,0.5021100044250488
2019,4,5,12,0,0.8730000257492065,7.245999813079834,217.5,6.023799896240234,N/A,21419,7.979499816894531,2.419480085372925,0.39511001110076904
2019,4,5,15,0,0.8565400242805481,7.762899875640869,217.5,6.581699848175049,N/A,21389,7.979499816894531,2.330519914627075,0.37863999605178833
2019,4,5,18,0,0.8349519968032837,7.4730000495910645,217.5,6.075500011444092,N/A,25203,7.979499816894531,2.577239990234375,0.4257799983024597
2019,4,5,21,0,0.8527590036392212,7.856599807739258,212.5,6.7154998779296875,N/A,36266,7.979499816894531,3.0166499614715576,0.3740699887275696
2019,4,6,0,0,0.8395839929580688,8.35830020904541,222.5,7.057499885559082,N/A,42340,8.77750015258789,3.141040086746216,0.3897300064563751
2019,4,6,3,0,0.8316519856452942,8.780699729919434,227.5,7.23390007019043,N/A,47627,8.77750015258789,3.2375500202178955,0.42949000000953674
2019,4,6,6,0,0.8359190225601196,9.549300193786621,237.5,7.670100212097168,N/A,61187,9.655200004577637,3.5023000240325928,0.46893998980522156
2019,4,6,9,0,0.8446959853172302,10.592300415039062,242.5,8.262999534606934,N/A,85605,20.697200775146484,3.8939199447631836,0.4737299978733063
2019,4,6,12,0,0.851347029209137,11.19909954071045,247.5,8.596400260925293,N/A,113768,18.81559944152832,4.334169864654541,0.4611800014972687
2019,4,6,15,0,0.8339449763298035,11.251500129699707,247.5,8.787599563598633,N/A,155316,18.81559944152832,5.038579940795898,0.4330199956893921
2019,4,6,18,0,0.8339189887046814,11.488100051879883,237.5,9.850299835205078,N/A,204097,17.104999542236328,5.708529949188232,0.3466399908065796
2019,4,6,21,0,0.852590024471283,11.315500259399414,232.5,9.900099754333496,N/A,214552,11.682900428771973,5.901050090789795,0.31821000576019287
2019,4,7,0,0,0.8575320243835449,11.497300148010254,232.5,10.201899528503418,N/A,204742,12.851200103759766,5.70596981048584,0.296779990196228
2019,4,7,3,0,0.8546810150146484,11.846799850463867,242.5,10.597599983215332,N/A,180969,12.851200103759766,5.2647600173950195,0.27939000725746155
2019,4,7,6,0,0.8506990075111389,11.55720043182373,242.5,10.337699890136719,N/A,140240,12.851200103759766,4.7052202224731445,0.2754499912261963
2019,4,7,9,0,0.8500850200653076,11.464099884033203,242.5,10.39739990234375,N/A,110131,12.851200103759766,4.1947197914123535,0.2624799907207489
2019,4,7,12,0,0.8554350137710571,11.371899604797363,247.5,10.39579963684082,N/A,90853,12.851200103759766,3.8325400352478027,0.25328001379966736
2019,4,7,15,0,0.8551700115203857,11.180800437927246,247.5,10.280900001525879,N/A,75561,12.851200103759766,3.53518009185791,0.2520599961280823
2019,4,7,18,0,0.8691340088844299,11.306400299072266,252.5,10.411199569702148,N/A,66973,12.851200103759766,3.3066298961639404,0.2553499937057495
2019,4,7,21,0,0.8866990208625793,11.609700202941895,257.5,10.713000297546387,N/A,68966,12.851200103759766,3.3006999492645264,0.2538900077342987
2019,4,8,0,0,0.897720992565155,11.706500053405762,257.5,10.796899795532227,N/A,66257,12.851200103759766,3.21737003326416,0.25376999378204346
2019,4,8,3,0,0.894690990447998,11.820799827575684,257.5,10.948699951171875,N/A,68799,14.136300086975098,3.259040117263794,0.24651999771595
2019,4,8,6,0,0.879725992679596,11.810700416564941,257.5,10.988800048828125,N/A,71474,14.136300086975098,3.3250300884246826,0.24163000285625458
2019,4,8,9,0,0.8743360042572021,11.741499900817871,257.5,10.934900283813477,N/A,69344,12.851200103759766,3.2878201007843018,0.24181999266147614
2019,4,8,12,0,0.8794270157814026,11.695899963378906,257.5,10.880399703979492,N/A,64641,12.851200103759766,3.1816599369049072,0.24310000240802765
2019,4,8,15,0,0.8853510022163391,11.679800033569336,257.5,10.863800048828125,N/A,59928,14.136300086975098,3.065279960632324,0.24268999695777893
2019,4,8,18,0,0.8874650001525879,11.6451997756958,257.5,10.830699920654297,N/A,55197,14.136300086975098,2.9465301036834717,0.24055999517440796
2019,4,8,21,0,0.8865020275115967,11.649100303649902,262.5,10.866299629211426,N/A,53671,14.136300086975098,2.904910087585449,0.23398999869823456
2019,4,9,0,0,0.8684589862823486,11.411399841308594,262.5,10.62909984588623,N/A,52906,12.851200103759766,2.9217801094055176,0.23544000089168549
2019,4,9,3,0,0.8507769703865051,11.108099937438965,262.5,10.318300247192383,N/A,47455,12.851200103759766,2.814879894256592,0.23991000652313232
2019,4,9,6,0,0.8433409929275513,10.844300270080566,257.5,10.031200408935547,N/A,42184,12.851200103759766,2.6938300132751465,0.24627000093460083
2019,4,9,9,0,0.8478720188140869,10.29170036315918,262.5,9.367500305175781,N/A,40345,12.851200103759766,2.7170701026916504,0.2717599868774414
2019,4,9,12,0,0.862617015838623,8.960200309753418,262.5,7.680200099945068,N/A,41523,12.851200103759766,2.9863600730895996,0.3375200033187866
2019,4,9,15,0,0.8770279884338379,8.645400047302246,267.5,7.448800086975098,N/A,41849,8.77750015258789,3.0642199516296387,0.33706000447273254
2019,4,9,18,0,0.8970289826393127,8.511799812316895,272.5,7.401100158691406,N/A,46345,8.77750015258789,3.258009910583496,0.32822999358177185
2019,4,9,21,0,0.8964449763298035,8.306300163269043,277.5,7.210000038146973,N/A,41748,7.979499816894531,3.136859893798828,0.3304699957370758
2019,4,10,0,0,0.8928989768028259,8.103099822998047,277.5,7.010700225830078,N/A,37549,7.979499816894531,3.014509916305542,0.3402099907398224
2019,4,10,3,0,0.8817279934883118,8.2878999710083,272.5,7.151800155639648,N/A,28252,11.682900428771973,2.5793700218200684,0.34303998947143555
2019,4,10,6,0,0.8777719736099243,8.695199966430664,267.5,7.508500099182129,N/A,21802,11.682900428771973,2.2035000324249268,0.33831000328063965
2019,4,10,9,0,0.8801019787788391,8.823699951171875,267.5,7.417399883270264,N/A,17929,11.682900428771973,1.9811500310897827,0.3461799919605255
2019,4,10,12,0,0.8850640058517456,9.02869987487793,262.5,7.80109977722168,N/A,15617,11.682900428771973,1.8278100490570068,0.32521000504493713
2019,4,10,15,0,0.8847659826278687,8.613900184631348,262.5,6.8007001876831055,N/A,14760,10.620800018310547,1.8218300342559814,0.3745099902153015
2019,4,10,18,0,0.8838940262794495,8.40470027923584,262.5,6.91540002822876,N/A,14974,10.620800018310547,1.8601200580596924,0.3738499879837036
2019,4,10,21,0,0.8857669830322266,8.57390022277832,262.5,7.0243000984191895,N/A,16011,11.682900428771973,1.9019099473953247,0.36768001317977905
2019,4,11,0,0,0.8949440121650696,8.986900329589844,267.5,7.673999786376953,N/A,17274,10.620800018310547,1.927109956741333,0.3304699957370758
2019,4,11,3,0,0.9056410193443298,9.390399932861328,267.5,8.23550033569336,N/A,21147,10.620800018310547,2.0821800231933594,0.2988699972629547
2019,4,11,6,0,0.9085109829902649,9.598899841308594,267.5,8.710100173950195,N/A,24185,10.620800018310547,2.202280044555664,0.27015000581741333
2019,4,11,9,0,0.9120069742202759,9.709799766540527,267.5,8.874099731445312,N/A,24146,10.620800018310547,2.185930013656616,0.2631799876689911
2019,4,11,12,0,0.91177898645401,9.554200172424316,267.5,8.725899696350098,N/A,26109,10.620800018310547,2.2944300174713135,0.2680799961090088
2019,4,11,15,0,0.9182980060577393,9.445099830627441,267.5,8.45009994506836,N/A,28381,10.620800018310547,2.405250072479248,0.28461000323295593
2019,4,11,18,0,0.9161480069160461,9.347100257873535,267.5,8.196700096130371,N/A,27629,10.620800018310547,2.3851099014282227,0.2992999851703644
2019,4,11,21,0,0.9183539748191833,9.533900260925293,272.5,8.419899940490723,N/A,28859,10.620800018310547,2.4112699031829834,0.28598999977111816
2019,4,12,0,0,0.9195529818534851,9.739399909973145,267.5,8.881699562072754,N/A,29539,10.620800018310547,2.413450002670288,0.26006001234054565
2019,4,12,3,0,0.9266149997711182,9.99530029296875,267.5,9.211299896240234,N/A,32938,11.682900428771973,2.5104100704193115,0.24779999256134033
2019,4,12,6,0,0.9304819703102112,10.066800117492676,267.5,9.263799667358398,N/A,33737,10.620800018310547,2.528700113296509,0.25071999430656433
2019,4,12,9,0,0.9381790161132812,10.254500389099121,267.5,9.353599548339844,N/A,36911,11.682900428771973,2.6116199493408203,0.25999999046325684
2019,4,12,12,0,0.9404360055923462,10.210800170898438,272.5,9.219799995422363,N/A,35121,11.682900428771973,2.5497500896453857,0.2777999937534332
2019,4,12,15,0,0.9484859704971313,10.6806001663208,272.5,9.645000457763672,N/A,38902,12.851200103759766,2.607480049133301,0.27709999680519104
2019,4,12,18,0,0.9524970054626465,10.965499877929688,272.5,9.927499771118164,N/A,40947,12.851200103759766,2.6317200660705566,0.2756099998950958
2019,4,12,21,0,0.9534369707107544,11.244600296020508,272.5,10.134200096130371,N/A,41026,12.851200103759766,2.5926198959350586,0.2828199863433838
2019,4,13,0,0,0.9547719955444336,11.57289981842041,272.5,10.413599967956543,N/A,42846,12.851200103759766,2.602139949798584,0.283270001411438
2019,4,13,3,0,0.9541699886322021,11.74209976196289,272.5,10.582200050354004,N/A,42213,12.851200103759766,2.5590600967407227,0.27869001030921936
2019,4,13,6,0,0.9549390077590942,12.006199836730957,272.5,10.855799674987793,N/A,43487,15.550000190734863,2.561880111694336,0.27213001251220703
2019,4,13,9,0,0.9558420181274414,12.357399940490723,272.5,11.145700454711914,N/A,45375,14.136300086975098,2.574389934539795,0.2784000039100647
2019,4,13,12,0,0.9502320289611816,12.20259952545166,272.5,9.227999687194824,N/A,53763,14.136300086975098,2.8137400150299072,0.37439000606536865
2019,4,13,15,0,0.926347017288208,10.906999588012695,272.5,7.813300132751465,N/A,65746,17.104999542236328,3.304529905319214,0.46862998604774475
2019,4,13,18,0,0.903560996055603,10.41450023651123,272.5,7.694200038909912,N/A,71049,17.104999542236328,3.529680013656616,0.4708999991416931
2019,4,13,21,0,0.9213230013847351,10.238900184631348,272.5,7.872700214385986,N/A,81395,15.550000190734863,3.8218801021575928,0.4504300057888031
2019,4,14,0,0,0.9283890128135681,10.343400001525879,277.5,8.33489990234375,N/A,85601,15.550000190734863,3.9082000255584717,0.4083099961280823
2019,4,14,3,0,0.93299400806427,10.383000373840332,277.5,8.577899932861328,N/A,87894,15.550000190734863,3.9582700729370117,0.38264000415802
2019,4,14,6,0,0.9349979758262634,10.719400405883789,277.5,9,N/A,95097,15.550000190734863,4.041910171508789,0.35587000846862793
2019,4,14,9,0,0.9347609877586365,10.956899642944336,277.5,9.326700210571289,N/A,105935,14.136300086975098,4.209869861602783,0.33410000801086426
2019,4,14,12,0,0.9378229975700378,11.104100227355957,277.5,9.720499992370605,N/A,90457,12.851200103759766,3.8661999702453613,0.30577000975608826
2019,4,14,15,0,0.9425910115242004,11.156700134277344,277.5,9.963800430297852,N/A,74277,14.136300086975098,3.4987800121307373,0.28543001413345337
2019,4,14,18,0,0.9477289915084839,11.187800407409668,277.5,10.13070011138916,N/A,62228,14.136300086975098,3.200900077819824,0.2698499858379364
2019,4,14,21,0,0.9530869722366333,11.133199691772461,277.5,10.1899995803833,N/A,55138,14.136300086975098,3.0260000228881836,0.2578299939632416
2019,4,15,0,0,0.9543420076370239,11.104399681091309,277.5,10.17389965057373,N/A,47990,14.136300086975098,2.82778000831604,0.2574700117111206
2019,4,15,3,0,0.9537820219993591,11.021699905395508,277.5,10.050600051879883,N/A,40119,14.136300086975098,2.5967400074005127,0.26469001173973083
2019,4,15,6,0,0.9507129788398743,10.77649974822998,277.5,9.452400207519531,N/A,34774,12.851200103759766,2.448460102081299,0.28876999020576477
2019,4,15,9,0,0.9302489757537842,10.134699821472168,277.5,8.050999641418457,N/A,36860,12.851200103759766,2.598900079727173,0.37095001339912415
2019,4,15,12,0,0.9026250243186951,9.512399673461914,272.5,7.335299968719482,N/A,33685,12.851200103759766,2.571820020675659,0.4134800136089325
2019,4,15,15,0,0.8971089720726013,9.799799919128418,272.5,7.545899868011475,N/A,34357,12.851200103759766,2.5508201122283936,0.40314000844955444
2019,4,15,18,0,0.884585976600647,9.907299995422363,272.5,7.866000175476074,N/A,32200,12.851200103759766,2.4576399326324463,0.3803099989891052
2019,4,15,21,0,0.8760340213775635,10.204899787902832,272.5,8.74429988861084,N/A,32596,12.851200103759766,2.4376299381256104,0.3345000147819519
2019,4,16,0,0,0.8761979937553406,10.227700233459473,272.5,8.94219970703125,N/A,28774,12.851200103759766,2.2918500900268555,0.3172700107097626
2019,4,16,3,0,0.8827909827232361,10.20740032196045,272.5,9.01609992980957,N/A,25038,12.851200103759766,2.14421010017395,0.31123998761177063
2019,4,16,6,0,0.8679689764976501,10.015600204467773,272.5,8.916199684143066,N/A,22219,12.851200103759766,2.04653000831604,0.31064000725746155
2019,4,16,9,0,0.85173100233078,10.154199600219727,262.5,9.159600257873535,N/A,25624,12.851200103759766,2.187069892883301,0.3065800070762634
2019,4,16,12,0,0.8374130129814148,10.168499946594238,257.5,9.201899528503418,N/A,24650,12.851200103759766,2.147089958190918,0.3135800063610077
2019,4,16,15,0,0.835506021976471,10.356200218200684,262.5,9.380399703979492,N/A,24279,11.682900428771973,2.1078600883483887,0.31321999430656433
2019,4,16,18,0,0.8374379873275757,10.815099716186523,262.5,9.559800148010254,N/A,26631,11.682900428771973,2.1502599716186523,0.3393700122833252
2019,4,16,21,0,0.8316959738731384,10.329700469970703,262.5,8.063899993896484,N/A,28977,11.682900428771973,2.292180061340332,0.40678998827934265
2019,4,17,0,0,0.8367019891738892,10.113300323486328,262.5,7.666500091552734,N/A,30125,17.104999542236328,2.3535499572753906,0.4390699863433838
2019,4,17,3,0,0.8716409802436829,11.049699783325195,267.5,8.654199600219727,N/A,36721,17.104999542236328,2.4633700847625732,0.40356001257896423
2019,4,17,6,0,0.8687999844551086,10.903400421142578,267.5,8.32040023803711,N/A,32246,17.104999542236328,2.324160099029541,0.4069899916648865
2019,4,17,9,0,0.8261380195617676,8.972100257873535,257.5,6.480000019073486,N/A,35328,15.550000190734863,2.7055599689483643,0.5138900279998779
2019,4,17,12,0,0.8276529908180237,9.060400009155273,257.5,7.192699909210205,N/A,38444,15.550000190734863,2.8238699436187744,0.4478900134563446
2019,4,17,15,0,0.8340319991111755,9.715499877929688,257.5,8.050999641418457,N/A,34734,15.550000190734863,2.5838499069213867,0.40046000480651855
2019,4,17,18,0,0.8484100103378296,10.040399551391602,262.5,8.526900291442871,N/A,32144,15.550000190734863,2.4427099227905273,0.37049999833106995
2019,4,17,21,0,0.8621569871902466,10.15719985961914,267.5,8.73639965057373,N/A,30234,14.136300086975098,2.3570399284362793,0.3499299883842468
2019,4,18,0,0,0.8742629885673523,10.296199798583984,272.5,8.722599983215332,N/A,32101,14.136300086975098,2.410099983215332,0.3430199921131134
2019,4,18,3,0,0.8796219825744629,10.420299530029297,277.5,8.483599662780762,N/A,38106,14.136300086975098,2.5998098850250244,0.35752999782562256
2019,4,18,6,0,0.8854939937591553,10.560799598693848,277.5,8.83080005645752,N/A,40395,14.136300086975098,2.6571500301361084,0.3379400074481964
2019,4,18,9,0,0.8823480010032654,10.397500038146973,272.5,8.530200004577637,N/A,34559,14.136300086975098,2.4801700115203857,0.3446800112724304
2019,4,18,12,0,0.8639180064201355,9.744799613952637,272.5,7.700699806213379,N/A,28359,12.851200103759766,2.3308799266815186,0.38457000255584717
2019,4,18,15,0,0.8476880192756653,9.005499839782715,262.5,7.200099945068359,N/A,26790,12.851200103759766,2.375339984893799,0.4001300036907196
2019,4,18,18,0,0.8341839909553528,8.60789966583252,257.5,6.9756999015808105,N/A,26205,12.851200103759766,2.4161200523376465,0.3977600038051605
2019,4,18,21,0,0.8226460218429565,8.500800132751465,257.5,6.8003997802734375,N/A,25393,11.682900428771973,2.3960700035095215,0.41078999638557434
2019,4,19,0,0,0.8577349781990051,9.56149959564209,262.5,7.675099849700928,N/A,31257,11.682900428771973,2.4770500659942627,0.42225998640060425
2019,4,19,3,0,0.9130430221557617,11.05739974975586,272.5,9.04640007019043,N/A,48568,14.136300086975098,2.829360008239746,0.3566100001335144
2019,4,19,6,0,0.926941990852356,11.144399642944336,272.5,9.688899993896484,N/A,46681,14.136300086975098,2.770080089569092,0.29892998933792114
2019,4,19,9,0,0.9369869828224182,11.038399696350098,272.5,9.867600440979004,N/A,44206,12.851200103759766,2.719939947128296,0.268669992685318
2019,4,19,12,0,0.9327600002288818,10.802399635314941,272.5,9.777799606323242,N/A,35934,12.851200103759766,2.4885599613189697,0.2626500129699707
2019,4,19,15,0,0.9262459874153137,10.459699630737305,267.5,8.990500450134277,N/A,30076,11.682900428771973,2.3191800117492676,0.28944000601768494
2019,4,19,18,0,0.9199320077896118,10.159299850463867,267.5,8.638799667358398,N/A,26632,11.682900428771973,2.221179962158203,0.302949994802475
2019,4,19,21,0,0.9142280220985413,10.135000228881836,267.5,8.956899642944336,N/A,23501,11.682900428771973,2.0941500663757324,0.2837100028991699
2019,4,20,0,0,0.9073950052261353,9.956199645996094,267.5,8.717300415039062,N/A,21644,11.682900428771973,2.0313799381256104,0.29269999265670776
2019,4,20,3,0,0.9020820260047913,8.938599586486816,267.5,7.368599891662598,N/A,21608,10.620800018310547,2.1558899879455566,0.359499990940094
2019,4,20,6,0,0.9073539972305298,8.54539966583252,272.5,7.491099834442139,N/A,25821,9.655200004577637,2.4308300018310547,0.3227199912071228
2019,4,20,9,0,0.9077839851379395,8.794699668884277,277.5,7.957300186157227,N/A,23815,9.655200004577637,2.302649974822998,0.28992998600006104
2019,4,20,12,0,0.9060710072517395,8.830400466918945,277.5,8.04259967803955,N/A,20527,8.77750015258789,2.134269952774048,0.28196999430656433
2019,4,20,15,0,0.90277498960495,8.805999755859375,277.5,8.02929973602295,N/A,17972,8.77750015258789,2.0002999305725098,0.2811799943447113
2019,4,20,18,0,0.8986650109291077,8.764100074768066,277.5,7.98859977722168,N/A,16168,8.77750015258789,1.9025399684906006,0.28282999992370605
2019,4,20,21,0,0.8966609835624695,8.770299911499023,277.5,8.01509952545166,N/A,15548,8.77750015258789,1.8657000064849854,0.28102999925613403
2019,4,21,0,0,0.8833569884300232,8.418999671936035,277.5,7.216400146484375,N/A,13625,8.77750015258789,1.783460021018982,0.32787999510765076
2019,4,21,3,0,0.8733999729156494,7.836299896240234,277.5,6.400000095367432,N/A,13095,8.77750015258789,1.8129700422286987,0.38839998841285706
2019,4,21,6,0,0.8752890229225159,7.849899768829346,277.5,6.685400009155273,N/A,12873,8.77750015258789,1.7972400188446045,0.36660000681877136
2019,4,21,9,0,0.8733590245246887,7.76170015335083,277.5,6.643799781799316,N/A,11852,8.77750015258789,1.7358200550079346,0.3627699911594391
2019,4,21,12,0,0.8711559772491455,7.590099811553955,277.5,6.480000019073486,N/A,10871,8.77750015258789,1.6827199459075928,0.3671700060367584
2019,4,21,15,0,0.8651040196418762,7.688899993896484,277.5,6.691299915313721,N/A,9586,8.77750015258789,1.5695500373840332,0.35475999116897583
2019,4,21,18,0,0.8523730039596558,7.8709001541137695,277.5,6.808899879455566,N/A,7969,8.77750015258789,1.4117399454116821,0.359279990196228
2019,4,21,21,0,0.8415619730949402,8.077400207519531,272.5,6.813799858093262,N/A,6842,9.655200004577637,1.2883599996566772,0.3705599904060364
2019,4,22,0,0,0.8372189998626709,8.423600196838379,272.5,7.0680999755859375,N/A,6190,9.655200004577637,1.1945500373840332,0.3800399899482727
2019,4,22,3,0,0.8683410286903381,9.486200332641602,272.5,7.906899929046631,N/A,7371,14.136300086975098,1.2113100290298462,0.3720499873161316
2019,4,22,6,0,0.9268370270729065,10.526700019836426,277.5,9.384900093078613,N/A,14630,12.851200103759766,1.6133500337600708,0.2740899920463562
2019,4,22,9,0,0.9399870038032532,10.003999710083008,272.5,9.02239990234375,N/A,18126,11.682900428771973,1.857200026512146,0.264849990606308
2019,4,22,12,0,0.936598002910614,9.02929973602295,267.5,7.410200119018555,N/A,19238,10.620800018310547,2.0286600589752197,0.3307900130748749
2019,4,22,15,0,0.9134079813957214,8.200799942016602,262.5,6.792099952697754,N/A,20452,10.620800018310547,2.210390090942383,0.35392001271247864
2019,4,22,18,0,0.8820310235023499,7.943999767303467,252.5,6.539100170135498,N/A,22154,9.655200004577637,2.3434700965881348,0.3599799871444702
2019,4,22,21,0,0.8481500148773193,7.582099914550781,242.5,6.221099853515625,N/A,30345,9.655200004577637,2.811460018157959,0.3771899938583374
2019,4,23,0,0,0.8339849710464478,8.057900428771973,247.5,6.7718000411987305,N/A,33912,10.620800018310547,2.8738999366760254,0.35275998711586
2019,4,23,3,0,0.8360900282859802,8.689299583435059,252.5,7.245200157165527,N/A,35511,10.620800018310547,2.8106400966644287,0.35214000940322876
2019,4,23,6,0,0.8730289936065674,9.503000259399414,262.5,8.22700023651123,N/A,38331,11.682900428771973,2.772670030593872,0.3160400092601776
2019,4,23,9,0,0.9041860103607178,10.110899925231934,262.5,9.080599784851074,N/A,39387,11.682900428771973,2.7128500938415527,0.2787800133228302
2019,4,23,12,0,0.9219340085983276,10.34000015258789,267.5,9.39900016784668,N/A,38080,11.682900428771973,2.6336801052093506,0.26298999786376953
2019,4,23,15,0,0.9320440292358398,10.004199981689453,267.5,8.620599746704102,N/A,36317,11.682900428771973,2.6178200244903564,0.29997000098228455
2019,4,23,18,0,0.9354599714279175,9.835399627685547,267.5,8.477499961853027,N/A,34453,11.682900428771973,2.5762200355529785,0.30487000942230225
2019,4,23,21,0,0.934444010257721,9.738900184631348,267.5,8.435999870300293,N/A,34164,11.682900428771973,2.581779956817627,0.303600013256073
2019,4,24,0,0,0.9301310181617737,9.715399742126465,267.5,8.338000297546387,N/A,34900,11.682900428771973,2.6135900020599365,0.30605998635292053
2019,4,24,3,0,0.9281010031700134,9.656100273132324,272.5,8.338000297546387,N/A,34127,11.682900428771973,2.5947000980377197,0.3059900104999542
2019,4,24,6,0,0.9267079830169678,9.241100311279297,272.5,7.828499794006348,N/A,33190,10.620800018310547,2.6230199337005615,0.330949991941452
2019,4,24,9,0,0.9252369999885559,8.930800437927246,272.5,7.6346001625061035,N/A,32686,10.620800018310547,2.657219886779785,0.3335700035095215
2019,4,24,12,0,0.926235020160675,8.896300315856934,272.5,7.684999942779541,N/A,29737,10.620800018310547,2.5428900718688965,0.3248800039291382
2019,4,24,15,0,0.9264900088310242,8.922100067138672,272.5,7.736599922180176,N/A,25427,11.682900428771973,2.347909927368164,0.32124000787734985
2019,4,24,18,0,0.9260519742965698,8.832599639892578,272.5,7.512199878692627,N/A,21421,11.682900428771973,2.165030002593994,0.335860013961792
2019,4,24,21,0,0.9266589879989624,8.879799842834473,267.5,7.6031999588012695,N/A,18623,11.682900428771973,2.013200044631958,0.3312399983406067
2019,4,25,0,0,0.9232630133628845,8.684800148010254,267.5,7.104599952697754,N/A,16713,11.682900428771973,1.9291499853134155,0.359389990568161
2019,4,25,3,0,0.920041024684906,8.649200439453125,272.5,7.098199844360352,N/A,15493,11.682900428771973,1.8626699447631836,0.35910001397132874
2019,4,25,6,0,0.9205440282821655,8.824399948120117,272.5,7.492499828338623,N/A,14413,11.682900428771973,1.779189944267273,0.3357900083065033
2019,4,25,9,0,0.9226940274238586,8.967499732971191,272.5,7.888199806213379,N/A,13552,10.620800018310547,1.7125500440597534,0.31161001324653625
2019,4,25,12,0,0.9239050149917603,8.980600357055664,272.5,8.022500038146973,N/A,12775,10.620800018310547,1.6635600328445435,0.2980499863624573
2019,4,25,15,0,0.923816978931427,8.944600105285645,272.5,8.006999969482422,N/A,11821,10.620800018310547,1.6051299571990967,0.2927600145339966
2019,4,25,18,0,0.9211599826812744,8.903900146484375,272.5,7.864200115203857,N/A,10849,10.620800018310547,1.541659951210022,0.298009991645813
2019,4,25,21,0,0.9173750281333923,8.882200241088867,272.5,7.618299961090088,N/A,10057,10.620800018310547,1.485360026359558,0.31224000453948975
2019,4,26,0,0,0.9107189774513245,7.578199863433838,277.5,5.8119001388549805,N/A,11044,10.620800018310547,1.6896599531173706,0.43838998675346375
2019,4,26,3,0,0.906063973903656,7.213799953460693,277.5,5.754499912261963,N/A,12393,9.655200004577637,1.841189980506897,0.4262300133705139
2019,4,26,6,0,0.9084450006484985,7.621799945831299,277.5,6.338399887084961,N/A,11301,9.655200004577637,1.7103699445724487,0.3830699920654297
2019,4,26,9,0,0.9157230257987976,7.354700088500977,277.5,6.136000156402588,N/A,13083,9.655200004577637,1.8799699544906616,0.3751400113105774
2019,4,26,12,0,0.9253659844398499,7.542500019073486,277.5,6.543799877166748,N/A,19103,8.77750015258789,2.2491400241851807,0.3246900141239166
2019,4,26,15,0,0.9259880185127258,7.650000095367432,282.5,6.75,N/A,22655,8.77750015258789,2.4330599308013916,0.30651000142097473
2019,4,26,18,0,0.9241819977760315,7.716899871826172,282.5,6.835100173950195,N/A,23990,8.77750015258789,2.4923601150512695,0.30204999446868896
2019,4,26,21,0,0.9210860133171082,7.551599979400635,282.5,6.670199871063232,N/A,25551,8.77750015258789,2.6021599769592285,0.30792999267578125
2019,4,27,0,0,0.9156110286712646,7.405900001525879,287.5,6.563300132751465,N/A,25555,7.979499816894531,2.629930019378662,0.30834001302719116
2019,4,27,3,0,0.9046369791030884,7.219600200653076,287.5,6.363900184631348,N/A,22303,7.979499816894531,2.4881200790405273,0.32238999009132385
2019,4,27,6,0,0.8906300067901611,7.024499893188477,287.5,6.1006999015808105,N/A,17755,7.2540998458862305,2.247659921646118,0.35097000002861023
2019,4,27,9,0,0.8896409869194031,6.792600154876709,287.5,5.843100070953369,N/A,18386,7.2540998458862305,2.3263800144195557,0.3656499981880188
2019,4,27,12,0,0.9030230045318604,7.0706000328063965,287.5,6.209199905395508,N/A,25240,7.2540998458862305,2.6753599643707275,0.32690998911857605
2019,4,27,15,0,0.9125210046768188,7.381100177764893,287.5,6.5370001792907715,N/A,32011,7.979499816894531,2.9484400749206543,0.30691999197006226
2019,4,27,18,0,0.9182400107383728,7.590099811553955,287.5,6.774199962615967,N/A,38261,7.979499816894531,3.1779699325561523,0.2932099997997284
2019,4,27,21,0,0.9208660125732422,7.794400215148926,292.5,7.018499851226807,N/A,47128,8.77750015258789,3.4795100688934326,0.2782900035381317
2019,4,28,0,0,0.9211130142211914,7.936800003051758,292.5,7.174099922180176,N/A,44636,8.77750015258789,3.3533198833465576,0.27316999435424805
2019,4,28,3,0,0.9189130067825317,7.936200141906738,292.5,7.1331000328063965,N/A,34226,8.77750015258789,2.934809923171997,0.2810100018978119
2019,4,28,6,0,0.9203150272369385,8.156200408935547,287.5,7.375500202178955,N/A,24013,8.77750015258789,2.420259952545166,0.2774899899959564
2019,4,28,9,0,0.9236019849777222,8.437100410461426,287.5,7.7378997802734375,N/A,19856,8.77750015258789,2.1597800254821777,0.265390008687973
2019,4,28,12,0,0.9189680218696594,8.538100242614746,287.5,7.823800086975098,N/A,16373,8.77750015258789,1.9466899633407593,0.2701599895954132
2019,4,28,15,0,0.9165030121803284,8.646699905395508,287.5,7.917200088500977,N/A,14764,9.655200004577637,1.8347400426864624,0.272350013256073
2019,4,28,18,0,0.914222002029419,8.71049976348877,287.5,7.959400177001953,N/A,13359,9.655200004577637,1.737030029296875,0.2797999978065491
2019,4,28,21,0,0.910489022731781,8.721799850463867,287.5,7.928100109100342,N/A,11971,9.655200004577637,1.6414599418640137,0.2918800115585327
2019,4,29,0,0,0.907355010509491,8.06659984588623,282.5,6.404600143432617,N/A,11489,8.77750015258789,1.670050024986267,0.394320011138916
2019,4,29,3,0,0.9005500078201294,7.25600004196167,282.5,5.706699848175049,N/A,12490,8.77750015258789,1.8387800455093384,0.44661998748779297
2019,4,29,6,0,0.8972880244255066,7.611100196838379,282.5,6.2418999671936035,N/A,11338,8.77750015258789,1.706629991531372,0.41907998919487
2019,4,29,9,0,0.893339991569519,8.014599800109863,277.5,6.684500217437744,N/A,9237,8.77750015258789,1.4967299699783325,0.4040200114250183
2019,4,29,12,0,0.8970980048179626,8.29800033569336,277.5,7.0594000816345215,N/A,8992,8.77750015258789,1.4513599872589111,0.3750399947166443
2019,4,29,15,0,0.8986110091209412,8.362799644470215,277.5,7.072299957275391,N/A,9827,7.979499816894531,1.51242995262146,0.3636299967765808
2019,4,29,18,0,0.8916540145874023,8.47130012512207,277.5,7.3225998878479,N/A,8830,7.979499816894531,1.4221199750900269,0.36515000462532043
2019,4,29,21,0,0.8785009980201721,8.563400268554688,272.5,7.355299949645996,N/A,7483,7.979499816894531,1.2988500595092773,0.3837299942970276
2019,4,30,0,0,0.869172990322113,7.706600189208984,272.5,5.608699798583984,N/A,7344,11.682900428771973,1.356369972229004,0.4990299940109253
2019,4,30,3,0,0.8534659743309021,6.661499977111816,277.5,5.192299842834473,N/A,9311,11.682900428771973,1.6560800075531006,0.5054200291633606
2019,4,30,6,0,0.8438680171966553,7.20359992980957,277.5,5.721700191497803,N/A,7765,11.682900428771973,1.449079990386963,0.4862399995326996
2019,4,30,9,0,0.8443779945373535,7.7230000495910645,272.5,6.077899932861328,N/A,6495,11.682900428771973,1.273859977722168,0.48594000935554504
2019,4,30,12,0,0.8418800234794617,8.017000198364258,267.5,6.307400226593018,N/A,5956,7.2540998458862305,1.195199966430664,0.4783399999141693
2019,4,30,15,0,0.8380900025367737,8.303400039672852,267.5,6.469099998474121,N/A,5957,7.2540998458862305,1.1725000143051147,0.4695900082588196
2019,4,30,18,0,0.8285189867019653,8.556599617004395,267.5,6.85099983215332,N/A,5640,10.620800018310547,1.1214200258255005,0.46050000190734863
2019,4,30,21,0,0.8234760165214539,8.3927001953125,262.5,6.06879997253418,N/A,5210,15.550000190734863,1.0855000019073486,0.5093100070953369
2019,5,1,0,0,0.8190240263938904,6.785999774932861,267.5,4.773099899291992,N/A,6246,15.550000190734863,1.3301199674606323,0.6140699982643127
2019,5,1,3,0,0.8149570226669312,7.081999778747559,267.5,5.233500003814697,N/A,6484,15.550000190734863,1.3268400430679321,0.5698599815368652
2019,5,1,6,0,0.8243259787559509,7.196800231933594,267.5,5.5258002281188965,N/A,6905,5.995100021362305,1.3602700233459473,0.5380300283432007
2019,5,1,9,0,0.8438839912414551,7.319200038909912,267.5,5.960700035095215,N/A,8361,6.594600200653076,1.4901700019836426,0.48210999369621277
2019,5,1,12,0,0.8461509943008423,7.562699794769287,267.5,6.337800025939941,N/A,9416,7.2540998458862305,1.5582599639892578,0.44468000531196594
2019,5,1,15,0,0.8339250087738037,7.698200225830078,267.5,6.423900127410889,N/A,8825,7.2540998458862305,1.4921499490737915,0.4536699950695038
2019,5,1,18,0,0.8217639923095703,7.707200050354004,267.5,6.262700080871582,N/A,7628,6.594600200653076,1.3820600509643555,0.4857200086116791
2019,5,1,21,0,0.8250229954719543,7.582300186157227,262.5,5.927199840545654,N/A,7023,6.594600200653076,1.3356499671936035,0.514549970626831
2019,5,2,0,0,0.834883987903595,7.464000225067139,267.5,5.882400035858154,N/A,7886,7.2540998458862305,1.4317500591278076,0.4957999885082245
2019,5,2,3,0,0.8382850289344788,7.215000152587891,272.5,5.749199867248535,N/A,10131,7.2540998458862305,1.658560037612915,0.47540000081062317
2019,5,2,6,0,0.8284729719161987,7.464099884033203,272.5,6.183599948883057,N/A,10868,7.2540998458862305,1.6891499757766724,0.442220002412796
2019,5,2,9,0,0.8125619888305664,7.615099906921387,272.5,6.2642998695373535,N/A,10246,7.979499816894531,1.6195000410079956,0.45287999510765076
2019,5,2,12,0,0.8053119778633118,7.802299976348877,272.5,6.361400127410889,N/A,10237,7.979499816894531,1.595329999923706,0.4589099884033203
2019,5,2,15,0,0.8000609874725342,7.884300231933594,272.5,6.342599868774414,N/A,10316,7.979499816894531,1.5909700393676758,0.46665000915527344
2019,5,2,18,0,0.7928060293197632,8.054400444030762,267.5,6.505799770355225,N/A,9598,7.979499816894531,1.5151499509811401,0.46994999051094055
2019,5,2,21,0,0.7932159900665283,8.303400039672852,267.5,6.65939998626709,N/A,8961,7.979499816894531,1.438230037689209,0.4764600098133087
2019,5,3,0,0,0.7995579838752747,8.58430004119873,272.5,6.87939977645874,N/A,8836,7.979499816894531,1.4027700424194336,0.4672600030899048
2019,5,3,3,0,0.8075259923934937,8.833700180053711,272.5,7.247900009155273,N/A,9102,8.77750015258789,1.4029699563980103,0.4450500011444092
2019,5,3,6,0,0.8174899816513062,9.19890022277832,272.5,7.583000183105469,N/A,9869,17.104999542236328,1.426650047302246,0.4362899959087372
2019,5,3,9,0,0.8110659718513489,9.316100120544434,272.5,7.66480016708374,N/A,9533,17.104999542236328,1.3903000354766846,0.43674999475479126
2019,5,3,12,0,0.8187140226364136,9.387700080871582,272.5,7.756800174713135,N/A,10127,15.550000190734863,1.425130009651184,0.4289099872112274
2019,5,3,15,0,0.839559018611908,9.402600288391113,272.5,7.803400039672852,N/A,12170,15.550000190734863,1.5593899488449097,0.4266299903392792
2019,5,3,18,0,0.8477479815483093,9.554699897766113,272.5,7.784299850463867,N/A,12608,15.550000190734863,1.568660020828247,0.4395599961280823
2019,5,3,21,0,0.8565390110015869,9.582300186157227,272.5,7.700500011444092,N/A,12735,15.550000190734863,1.5716700553894043,0.447299987077713
2019,5,4,0,0,0.8613380193710327,9.464799880981445,272.5,7.29640007019043,N/A,12338,14.136300086975098,1.5557399988174438,0.45796000957489014
2019,5,4,3,0,0.865352988243103,9.517200469970703,277.5,7.384099960327148,N/A,11815,14.136300086975098,1.517799973487854,0.443340003490448
2019,5,4,6,0,0.8793050050735474,9.53219985961914,277.5,7.586900234222412,N/A,12757,14.136300086975098,1.5789899826049805,0.41666001081466675
2019,5,4,9,0,0.8860509991645813,9.332300186157227,277.5,7.869200229644775,N/A,13906,14.136300086975098,1.676740050315857,0.38352999091148376
2019,5,4,12,0,0.8857570290565491,9.17389965057373,282.5,7.925300121307373,N/A,14144,12.851200103759766,1.7137099504470825,0.366129994392395
2019,5,4,15,0,0.8773810267448425,9.121000289916992,277.5,7.854100227355957,N/A,12762,12.851200103759766,1.633739948272705,0.3754599988460541
2019,5,4,18,0,0.8738849759101868,9.15470027923584,277.5,7.801300048828125,N/A,11875,12.851200103759766,1.5715899467468262,0.38804998993873596
2019,5,4,21,0,0.8792759776115417,8.788700103759766,277.5,7.055099964141846,N/A,11829,12.851200103759766,1.6037399768829346,0.4189099967479706
2019,5,5,0,0,0.8860520124435425,7.950900077819824,277.5,6.1722002029418945,N/A,12469,12.851200103759766,1.7402700185775757,0.46015000343322754
2019,5,5,3,0,0.8964020013809204,8.112799644470215,282.5,6.957200050354004,N/A,12952,7.979499816894531,1.7661900520324707,0.37929999828338623
2019,5,5,6,0,0.909184992313385,8.413100242614746,282.5,7.508600234985352,N/A,14577,8.77750015258789,1.845479965209961,0.3199700117111206
2019,5,5,9,0,0.9208400249481201,8.433899879455566,282.5,7.704400062561035,N/A,18650,8.77750015258789,2.0908100605010986,0.2849400043487549
2019,5,5,12,0,0.9159079790115356,8.556599617004395,287.5,7.815800189971924,N/A,17942,8.77750015258789,2.034209966659546,0.284960001707077
2019,5,5,15,0,0.908195972442627,8.503100395202637,282.5,7.720600128173828,N/A,15868,8.77750015258789,1.9176900386810303,0.3025600016117096
2019,5,5,18,0,0.9012179970741272,8.465399742126465,282.5,7.638199806213379,N/A,14172,8.77750015258789,1.8149000406265259,0.3201900124549866
2019,5,5,21,0,0.8995810151100159,8.460000038146973,282.5,7.561299800872803,N/A,13197,8.77750015258789,1.7513500452041626,0.3313699960708618
2019,5,6,0,0,0.9062809944152832,7.873600006103516,282.5,6.506800174713135,N/A,14273,8.77750015258789,1.892109990119934,0.3845199942588806
2019,5,6,3,0,0.9039369821548462,7.815800189971924,282.5,6.684800148010254,N/A,13480,8.77750015258789,1.8481899499893188,0.367000013589859
2019,5,6,6,0,0.9127240180969238,8.0423002243042,282.5,7.157599925994873,N/A,14925,8.77750015258789,1.9185800552368164,0.3283900022506714
2019,5,6,9,0,0.9198070168495178,8.370599746704102,287.5,7.640999794006348,N/A,17154,8.77750015258789,2.0157198905944824,0.2929399907588959
2019,5,6,12,0,0.9127079844474792,8.48270034790039,287.5,7.777699947357178,N/A,16177,8.77750015258789,1.9429800510406494,0.29197001457214355
2019,5,6,15,0,0.8874189853668213,8.413599967956543,282.5,7.6041998863220215,N/A,12706,8.77750015258789,1.7252800464630127,0.3290500044822693
2019,5,6,18,0,0.8731189966201782,8.422900199890137,277.5,7.507199764251709,N/A,11432,7.979499816894531,1.6314799785614014,0.3577199876308441
2019,5,6,21,0,0.8594710230827332,8.342599868774414,277.5,7.1280999183654785,N/A,10199,7.979499816894531,1.545140027999878,0.3948200047016144
2019,5,7,0,0,0.8635780215263367,7.628799915313721,277.5,6.109300136566162,N/A,11116,7.979499816894531,1.6902400255203247,0.45232999324798584
2019,5,7,3,0,0.8778409957885742,7.791600227355957,277.5,6.588399887084961,N/A,13540,7.979499816894531,1.8508000373840332,0.39952000975608826
2019,5,7,6,0,0.8990210294723511,7.92579984664917,282.5,6.959400177001953,N/A,19305,8.77750015258789,2.197319984436035,0.34762001037597656
2019,5,7,9,0,0.908286988735199,8.481399536132812,282.5,7.742300033569336,N/A,24343,8.77750015258789,2.3826498985290527,0.2946000099182129
2019,5,7,12,0,0.8963980078697205,8.491700172424316,282.5,7.7332000732421875,N/A,20067,8.77750015258789,2.160099983215332,0.3055500090122223
2019,5,7,15,0,0.8851940035820007,8.413999557495117,282.5,7.585400104522705,N/A,16780,8.77750015258789,1.981660008430481,0.32774001359939575
2019,5,7,18,0,0.8789499998092651,8.458999633789062,277.5,7.598299980163574,N/A,15398,8.77750015258789,1.890660047531128,0.3361999988555908
2019,5,7,21,0,0.8686509728431702,8.405200004577637,277.5,7.455900192260742,N/A,14156,7.979499816894531,1.815600037574768,0.35620999336242676
2019,5,8,0,0,0.858394980430603,7.4704999923706055,277.5,5.99459981918335,N/A,14921,7.979499816894531,1.9782899618148804,0.4487000107765198
2019,5,8,3,0,0.8668140172958374,8.006099700927734,277.5,6.9004998207092285,N/A,17849,7.979499816894531,2.0904600620269775,0.3797999918460846
2019,5,8,6,0,0.8763369917869568,8.11139965057373,282.5,7.07889986038208,N/A,20670,7.979499816894531,2.2371199131011963,0.35694000124931335
2019,5,8,9,0,0.8791769742965698,8.402899742126465,282.5,7.521599769592285,N/A,20593,7.979499816894531,2.192610025405884,0.3278999924659729
2019,5,8,12,0,0.880378007888794,8.635000228881836,282.5,7.7657999992370605,N/A,19267,8.77750015258789,2.088779926300049,0.31769999861717224
2019,5,8,15,0,0.8822119832038879,8.7121000289917,282.5,7.817800045013428,N/A,18398,8.77750015258789,2.029020071029663,0.3200800120830536
2019,5,8,18,0,0.8810399770736694,8.831999778747559,277.5,7.913400173187256,N/A,17647,8.77750015258789,1.9703400135040283,0.3206700086593628
2019,5,8,21,0,0.8792330026626587,8.954000473022461,277.5,8.016200065612793,N/A,17320,8.77750015258789,1.935789942741394,0.3186900019645691
2019,5,9,0,0,0.8844529986381531,8.81980037689209,277.5,7.447800159454346,N/A,18914,8.77750015258789,2.0360701084136963,0.34808000922203064
2019,5,9,3,0,0.8801820278167725,8.751099586486816,277.5,7.548500061035156,N/A,18007,8.77750015258789,1.995479941368103,0.34360000491142273
2019,5,9,6,0,0.884456992149353,8.895000457763672,277.5,7.764800071716309,N/A,17494,8.77750015258789,1.949620008468628,0.3320600092411041
2019,5,9,9,0,0.8878759741783142,8.892800331115723,277.5,7.899400234222412,N/A,16647,8.77750015258789,1.9047199487686157,0.31926000118255615
2019,5,9,12,0,0.8954979777336121,8.975600242614746,277.5,8.088800430297852,N/A,16802,8.77750015258789,1.9071199893951416,0.3001300096511841
2019,5,9,15,0,0.8921520113945007,9.016900062561035,277.5,8.119600296020508,N/A,14888,8.77750015258789,1.7894699573516846,0.30237001180648804
2019,5,9,18,0,0.8824710249900818,9.10099983215332,277.5,8.10830020904541,N/A,12510,10.620800018310547,1.628159999847412,0.315530002117157
2019,5,9,21,0,0.8785009980201721,9.332099914550781,277.5,8.249099731445312,N/A,11504,14.136300086975098,1.5359300374984741,0.32124000787734985
2019,5,10,0,0,0.8797190189361572,9.528200149536133,277.5,8.412699699401855,N/A,11331,12.851200103759766,1.5052900314331055,0.31850001215934753
2019,5,10,3,0,0.8779780268669128,9.690199851989746,277.5,8.527299880981445,N/A,10871,12.851200103759766,1.459589958190918,0.3162199854850769
2019,5,10,6,0,0.8868359923362732,9.366800308227539,277.5,7.496200084686279,N/A,11840,12.851200103759766,1.5481300354003906,0.3680900037288666
2019,5,10,9,0,0.881850004196167,9.122900009155273,277.5,7.462200164794922,N/A,10988,11.682900428771973,1.5142699480056763,0.37428998947143555
2019,5,10,12,0,0.8794080018997192,9.299300193786621,272.5,7.73859977722168,N/A,9997,11.682900428771973,1.4313100576400757,0.353549987077713
2019,5,10,15,0,0.877327024936676,9.512999534606934,272.5,8.066499710083008,N/A,9040,11.682900428771973,1.3462200164794922,0.3305400013923645
2019,5,10,18,0,0.8702449798583984,9.57450008392334,272.5,8.216500282287598,N/A,8297,10.620800018310547,1.2867200374603271,0.3225899934768677
2019,5,10,21,0,0.8613809943199158,9.623299598693848,267.5,8.25059986114502,N/A,7667,10.620800018310547,1.2333300113677979,0.3283500075340271
2019,5,11,0,0,0.8581069707870483,9.529600143432617,267.5,7.688799858093262,N/A,7519,10.620800018310547,1.226830005645752,0.3560599982738495
2019,5,11,3,0,0.8528620004653931,9.073699951171875,267.5,7.009699821472168,N/A,7408,10.620800018310547,1.2495299577713013,0.40136998891830444
2019,5,11,6,0,0.8478299975395203,8.48289966583252,267.5,6.494699954986572,N/A,7314,9.655200004577637,1.287019968032837,0.4417099952697754
2019,5,11,9,0,0.8443359732627869,8.092399597167969,267.5,6.417399883270264,N/A,7094,9.655200004577637,1.300510048866272,0.45311999320983887
2019,5,11,12,0,0.8488789796829224,8.154999732971191,262.5,6.570700168609619,N/A,7079,9.655200004577637,1.2946399450302124,0.4419899880886078
2019,5,11,15,0,0.8552950024604797,8.218099594116211,267.5,6.780300140380859,N/A,7623,7.2540998458862305,1.3394500017166138,0.42546001076698303
2019,5,11,18,0,0.8647739887237549,8.224900245666504,267.5,6.953999996185303,N/A,8733,7.2540998458862305,1.4357800483703613,0.40435001254081726
2019,5,11,21,0,0.8729140162467957,8.309900283813477,267.5,7.1417999267578125,N/A,10245,7.979499816894531,1.5503100156784058,0.3794400095939636
2019,5,12,0,0,0.8849959969520569,8.51550006866455,272.5,7.466700077056885,N/A,12816,8.77750015258789,1.7161099910736084,0.3464199900627136
2019,5,12,3,0,0.8789340257644653,8.660499572753906,272.5,7.708600044250488,N/A,12897,8.77750015258789,1.7063900232315063,0.3443399965763092
2019,5,12,6,0,0.8795560002326965,8.71679973602295,272.5,7.775000095367432,N/A,13619,8.77750015258789,1.7483099699020386,0.3462100028991699
2019,5,12,9,0,0.8836609721183777,8.780900001525879,272.5,7.86299991607666,N/A,15776,8.77750015258789,1.876230001449585,0.3386099934577942
2019,5,12,12,0,0.8855760097503662,8.91569995880127,277.5,8.03950023651123,N/A,17856,8.77750015258789,1.9808199405670166,0.3266899883747101
2019,5,12,15,0,0.8698149919509888,8.939599990844727,277.5,7.96589994430542,N/A,15612,8.77750015258789,1.8458199501037598,0.35141000151634216
2019,5,12,18,0,0.854557991027832,9.037799835205078,277.5,7.875500202178955,N/A,13470,8.77750015258789,1.6980500221252441,0.3855000138282776
2019,5,12,21,0,0.8429250121116638,9.317500114440918,272.5,7.850800037384033,N/A,12958,8.77750015258789,1.6324299573898315,0.41005998849868774
2019,5,13,0,0,0.8384619951248169,9.60159969329834,272.5,8.067899703979492,N/A,13555,11.682900428771973,1.641129970550537,0.4112299978733063
2019,5,13,3,0,0.8271200060844421,9.792799949645996,272.5,8.262399673461914,N/A,13495,11.682900428771973,1.618839979171753,0.4122200012207031
2019,5,13,6,0,0.8158519864082336,9.93850040435791,267.5,8.304900169372559,N/A,12887,10.620800018310547,1.5671199560165405,0.41888999938964844
2019,5,13,9,0,0.8100730180740356,10.026900291442871,262.5,8.312100410461426,N/A,12258,10.620800018310547,1.5195200443267822,0.42357999086380005
2019,5,13,12,0,0.805512011051178,10.147299766540527,262.5,8.331399917602539,N/A,11507,18.81559944152832,1.4605200290679932,0.4315199851989746
2019,5,13,15,0,0.8084310293197632,10.340200424194336,257.5,8.363900184631348,N/A,10727,18.81559944152832,1.3937900066375732,0.4434399902820587
2019,5,13,18,0,0.8140069842338562,10.596699714660645,252.5,8.440600395202637,N/A,10180,18.81559944152832,1.3379900455474854,0.45451000332832336
2019,5,13,21,0,0.8184040188789368,10.846599578857422,252.5,8.573599815368652,N/A,9944,17.104999542236328,1.304460048675537,0.45579999685287476
2019,5,14,0,0,0.8251109719276428,10.746600151062012,247.5,7.606299877166748,N/A,9627,17.104999542236328,1.286460041999817,0.4919799864292145
2019,5,14,3,0,0.8321750164031982,11.19849967956543,247.5,8.352800369262695,N/A,9381,17.104999542236328,1.2415200471878052,0.4675599932670593
2019,5,14,6,0,0.8420310020446777,11.549300193786621,242.5,8.647299766540527,N/A,9168,17.104999542236328,1.2064299583435059,0.4597499966621399
2019,5,14,9,0,0.8537039756774902,11.885000228881836,242.5,8.994099617004395,N/A,9097,17.104999542236328,1.1828399896621704,0.4484899938106537
2019,5,14,12,0,0.8665180206298828,12.242400169372559,242.5,9.446800231933594,N/A,9120,17.104999542236328,1.1641600131988525,0.42629000544548035
2019,5,14,15,0,0.8768259882926941,12.06779956817627,242.5,8.425200462341309,N/A,9556,15.550000190734863,1.1976300477981567,0.4368700087070465
2019,5,14,18,0,0.869920015335083,9.248100280761719,237.5,5.577400207519531,N/A,11660,15.550000190734863,1.5214500427246094,0.6186299920082092
2019,5,14,21,0,0.8670849800109863,7.694699764251709,227.5,5.3983001708984375,N/A,17355,15.550000190734863,2.064850091934204,0.6164500117301941
2019,5,15,0,0,0.8579810261726379,8.182499885559082,227.5,6.056600093841553,N/A,18944,15.550000190734863,2.0922999382019043,0.5601000189781189
2019,5,15,3,0,0.8567969799041748,8.901200294494629,232.5,6.737299919128418,N/A,18974,11.682900428771973,2.0030601024627686,0.5201699733734131
2019,5,15,6,0,0.8559939861297607,9.387299537658691,227.5,7.552199840545654,N/A,19961,18.81559944152832,2.0027999877929688,0.47071000933647156
2019,5,15,9,0,0.860260009765625,9.612000465393066,227.5,7.854899883270264,N/A,18807,18.81559944152832,1.9210699796676636,0.45583999156951904
2019,5,15,12,0,0.8651610016822815,9.756799697875977,227.5,8.051899909973145,N/A,17139,18.81559944152832,1.8192700147628784,0.4456000030040741
2019,5,15,15,0,0.8734210133552551,9.844799995422363,232.5,8.141799926757812,N/A,15212,18.81559944152832,1.7047100067138672,0.43867000937461853
2019,5,15,18,0,0.881833016872406,9.937800407409668,232.5,8.176600456237793,N/A,13585,18.81559944152832,1.600640058517456,0.43817999958992004
2019,5,15,21,0,0.8898339867591858,10.170999526977539,237.5,8.291199684143066,N/A,13024,18.81559944152832,1.5447700023651123,0.43439000844955444
2019,5,16,0,0,0.8941699862480164,10.48900032043457,237.5,8.622599601745605,N/A,13660,17.104999542236328,1.554229974746704,0.4175400137901306
2019,5,16,3,0,0.8915079832077026,10.069999694824219,242.5,7.993299961090088,N/A,15606,17.104999542236328,1.698449969291687,0.4410099983215332
2019,5,16,6,0,0.8846989870071411,9.874699592590332,247.5,7.989999771118164,N/A,17237,17.104999542236328,1.8082400560379028,0.42921000719070435
2019,5,16,9,0,0.8837140202522278,10.051899909973145,252.5,8.271100044250488,N/A,16323,17.104999542236328,1.7443900108337402,0.40884000062942505
2019,5,16,12,0,0.8804590106010437,10.113499641418457,252.5,8.42870044708252,N/A,15217,17.104999542236328,1.6801300048828125,0.3972800076007843
2019,5,16,15,0,0.878279983997345,10.13010025024414,252.5,8.483099937438965,N/A,13646,17.104999542236328,1.589709997177124,0.39388999342918396
2019,5,16,18,0,0.8718370199203491,10.054900169372559,252.5,8.499899864196777,N/A,12779,9.655200004577637,1.5460699796676636,0.3871400058269501
2019,5,16,21,0,0.8615779876708984,9.911399841308594,252.5,8.3641996383667,N/A,12125,9.655200004577637,1.5182499885559082,0.389490008354187
2019,5,17,0,0,0.853073000907898,9.145500183105469,252.5,6.97160005569458,N/A,12525,9.655200004577637,1.6115299463272095,0.4447599947452545
2019,5,17,3,0,0.8436279892921448,8.708499908447266,252.5,6.874100208282471,N/A,13361,9.655200004577637,1.7124199867248535,0.44440001249313354
2019,5,17,6,0,0.8230260014533997,8.552399635314941,252.5,6.9334001541137695,N/A,14296,9.655200004577637,1.7926100492477417,0.42715001106262207
2019,5,17,9,0,0.810483992099762,7.881400108337402,257.5,6.386000156402588,N/A,17029,9.655200004577637,2.0495998859405518,0.43716999888420105
2019,5,17,12,0,0.7947229743003845,7.931099891662598,257.5,6.551400184631348,N/A,16873,9.655200004577637,2.0356199741363525,0.419979989528656
2019,5,17,15,0,0.7668179869651794,8.222299575805664,252.5,6.810800075531006,N/A,14538,9.655200004577637,1.8511500358581543,0.4151099920272827
2019,5,17,18,0,0.7590320110321045,8.605299949645996,242.5,7.203999996185303,N/A,13193,9.655200004577637,1.7189899682998657,0.40189000964164734
2019,5,17,21,0,0.7666040062904358,8.443300247192383,237.5,6.639500141143799,N/A,12387,9.655200004577637,1.6793999671936035,0.4379499852657318
2019,5,18,0,0,0.7898740172386169,7.54040002822876,232.5,5.840799808502197,N/A,13297,8.77750015258789,1.849310040473938,0.48315000534057617
2019,5,18,3,0,0.8396210074424744,7.30019998550415,217.5,5.953199863433838,N/A,15864,7.979499816894531,2.064810037612915,0.44064000248908997
2019,5,18,6,0,0.8659399747848511,7.664299964904785,217.5,6.399400234222412,N/A,15931,7.979499816894531,2.0195701122283936,0.40362998843193054
2019,5,18,9,0,0.8734390139579773,7.832300186157227,212.5,6.590099811553955,N/A,15064,7.979499816894531,1.941059947013855,0.3930000066757202
2019,5,18,12,0,0.86524498462677,7.820799827575684,212.5,6.519499778747559,N/A,15006,7.979499816894531,1.939170002937317,0.39445000886917114
2019,5,18,15,0,0.8576210141181946,8.184900283813477,212.5,7.107699871063232,N/A,16537,7.979499816894531,1.9885200262069702,0.3587000072002411
2019,5,18,18,0,0.8345109820365906,8.98330020904541,222.5,8.007200241088867,N/A,21009,8.77750015258789,2.12716007232666,0.32701998949050903
2019,5,18,21,0,0.8423600196838379,9.802200317382812,232.5,8.80109977722168,N/A,28365,9.655200004577637,2.345669984817505,0.31005001068115234
2019,5,19,0,0,0.8580589890480042,10.2608003616333,237.5,9.276399612426758,N/A,35451,14.136300086975098,2.550339937210083,0.293069988489151
2019,5,19,3,0,0.8601539731025696,10.460599899291992,237.5,9.571200370788574,N/A,39339,14.136300086975098,2.658179998397827,0.2697100043296814
2019,5,19,6,0,0.8563989996910095,10.538299560546875,237.5,9.778900146484375,N/A,40257,12.851200103759766,2.6813900470733643,0.24613000452518463
2019,5,19,9,0,0.8534610271453857,10.554699897766113,237.5,9.885199546813965,N/A,39046,12.851200103759766,2.641629934310913,0.23023000359535217
2019,5,19,12,0,0.8517040014266968,10.400099754333496,232.5,9.77239990234375,N/A,34196,11.682900428771973,2.497309923171997,0.22634999454021454
2019,5,19,15,0,0.8481969833374023,10.327400207519531,232.5,9.711099624633789,N/A,31212,11.682900428771973,2.39736008644104,0.22812999784946442
2019,5,19,18,0,0.8477849960327148,10.30109977722168,232.5,9.647299766540527,N/A,28322,11.682900428771973,2.28656005859375,0.24021999537944794
2019,5,19,21,0,0.8547189831733704,10.467100143432617,232.5,9.730199813842773,N/A,27847,10.620800018310547,2.242219924926758,0.25306999683380127
2019,5,20,0,0,0.8625029921531677,10.125200271606445,237.5,8.408499717712402,N/A,28384,10.620800018310547,2.29790997505188,0.31856000423431396
2019,5,20,3,0,0.8704919815063477,10.25469970703125,237.5,9.064499855041504,N/A,26896,10.620800018310547,2.223330020904541,0.2902199923992157
2019,5,20,6,0,0.8817430138587952,10.329299926757812,237.5,9.373600006103516,N/A,24908,11.682900428771973,2.13388991355896,0.26732999086380005
2019,5,20,9,0,0.8866119980812073,10.213899612426758,242.5,9.376199722290039,N/A,21225,11.682900428771973,1.9862699508666992,0.2582699954509735
2019,5,20,12,0,0.8886409997940063,10.053600311279297,242.5,9.26609992980957,N/A,18027,11.682900428771973,1.8501800298690796,0.2583700120449066
2019,5,20,15,0,0.8857070207595825,9.911999702453613,242.5,9.142200469970703,N/A,15703,10.620800018310547,1.7430399656295776,0.2627499997615814
2019,5,20,18,0,0.878525972366333,9.67590045928955,242.5,8.45580005645752,N/A,14339,10.620800018310547,1.688539981842041,0.29027000069618225
2019,5,20,21,0,0.8624550104141235,8.691200256347656,242.5,6.811999797821045,N/A,14464,10.620800018310547,1.7946699857711792,0.3885299861431122
2019,5,21,0,0,0.847881019115448,8.216300010681152,242.5,6.81879997253418,N/A,15474,10.620800018310547,1.9181699752807617,0.3796499967575073
2019,5,21,3,0,0.8436160087585449,8.194199562072754,237.5,7.108500003814697,N/A,15985,7.979499816894531,1.9585100412368774,0.3464300036430359
2019,5,21,6,0,0.8401849865913391,8.276399612426758,227.5,7.362199783325195,N/A,16777,7.979499816894531,1.999709963798523,0.3273099958896637
2019,5,21,9,0,0.8437539935112,8.597299575805664,222.5,7.787300109863281,N/A,18777,8.77750015258789,2.073620080947876,0.31926000118255615
2019,5,21,12,0,0.8490059971809387,9.51669979095459,227.5,8.444600105285645,N/A,23795,8.77750015258789,2.190890073776245,0.3597300052642822
2019,5,21,15,0,0.8793590068817139,11.092300415039062,237.5,9.77970027923584,N/A,40752,15.550000190734863,2.6038401126861572,0.33322998881340027
2019,5,21,18,0,0.9023249745368958,11.560999870300293,242.5,10.46679973602295,N/A,56011,14.136300086975098,2.9781699180603027,0.2845599949359894
2019,5,21,21,0,0.9064649939537048,11.487199783325195,247.5,10.172599792480469,N/A,56941,14.136300086975098,3.013170003890991,0.27691999077796936
2019,5,22,0,0,0.9028180241584778,10.225899696350098,247.5,8.326000213623047,N/A,54865,12.851200103759766,3.154829978942871,0.3613399863243103
2019,5,22,3,0,0.9012100100517273,10.116900444030762,247.5,8.774200439453125,N/A,45974,12.851200103759766,2.9176599979400635,0.3296000063419342
2019,5,22,6,0,0.899528980255127,10.032400131225586,252.5,8.903400421142578,N/A,39828,12.851200103759766,2.7367000579833984,0.31303998827934265
2019,5,22,9,0,0.8965370059013367,9.979100227355957,257.5,8.969300270080566,N/A,36648,11.682900428771973,2.6393399238586426,0.30044999718666077
2019,5,22,12,0,0.8975319862365723,9.79699993133545,257.5,8.868900299072266,N/A,34609,11.682900428771973,2.5983200073242188,0.293040007352829
2019,5,22,15,0,0.902970016002655,9.609600067138672,262.5,8.688300132751465,N/A,29551,10.620800018310547,2.430720090866089,0.29666998982429504
2019,5,22,18,0,0.9084320068359375,9.417799949645996,262.5,8.496800422668457,N/A,24888,10.620800018310547,2.2590301036834717,0.30254998803138733
2019,5,22,21,0,0.9110910296440125,9.079000473022461,267.5,7.89109992980957,N/A,21736,9.655200004577637,2.1554999351501465,0.3279300034046173
2019,5,23,0,0,0.9087280035018921,8.378299713134766,267.5,6.989500045776367,N/A,21441,9.655200004577637,2.236150026321411,0.37400999665260315
2019,5,23,3,0,0.9087880253791809,8.36359977722168,272.5,7.233699798583984,N/A,23528,9.655200004577637,2.350290060043335,0.34595999121665955
2019,5,23,6,0,0.9088529944419861,8.738499641418457,272.5,7.847899913787842,N/A,24343,9.655200004577637,2.33801007270813,0.3089500069618225
2019,5,23,9,0,0.9074820280075073,8.885000228881836,277.5,8.021300315856934,N/A,24013,9.655200004577637,2.3015499114990234,0.303739994764328
2019,5,23,12,0,0.9067040085792542,8.926400184631348,277.5,8.083800315856934,N/A,23075,9.655200004577637,2.2509100437164307,0.30191001296043396
2019,5,23,15,0,0.9030900001525879,8.866900444030762,277.5,8.016900062561035,N/A,19875,9.655200004577637,2.09660005569458,0.3089599907398224
2019,5,23,18,0,0.9021610021591187,8.752599716186523,277.5,7.880799770355225,N/A,17444,9.655200004577637,1.9779800176620483,0.319379985332489
2019,5,23,21,0,0.9026089906692505,8.571000099182129,277.5,7.48360013961792,N/A,16350,8.77750015258789,1.936169981956482,0.3447200059890747
2019,5,24,0,0,0.8990430235862732,8.18809986114502,277.5,6.893099784851074,N/A,16209,8.77750015258789,1.973449945449829,0.392520010471344
2019,5,24,3,0,0.9024199843406677,8.150899887084961,277.5,7.043399810791016,N/A,18648,8.77750015258789,2.1244900226593018,0.3800399899482727
2019,5,24,6,0,0.9036269783973694,8.246100425720215,277.5,7.34250020980835,N/A,21336,8.77750015258789,2.261470079421997,0.34988000988960266
2019,5,24,9,0,0.9125270247459412,8.449399948120117,277.5,7.656499862670898,N/A,27154,8.77750015258789,2.5208699703216553,0.3119800090789795
2019,5,24,12,0,0.9201989769935608,8.5201997756958,282.5,7.658400058746338,N/A,32084,8.77750015258789,2.7258100509643555,0.3064900040626526
2019,5,24,15,0,0.9280909895896912,8.761799812316895,282.5,7.874499797821045,N/A,41164,8.77750015258789,3.0366199016571045,0.2988699972629547
2019,5,24,18,0,0.9317520260810852,9.186300277709961,277.5,8.289299964904785,N/A,48372,9.655200004577637,3.2005600929260254,0.2926799952983856
2019,5,24,21,0,0.9331700205802917,9.579000473022461,282.5,8.751199722290039,N/A,49754,9.655200004577637,3.1681199073791504,0.27987998723983765
2019,5,25,0,0,0.9363020062446594,9.910900115966797,282.5,9.076000213623047,N/A,53532,10.620800018310547,3.217819929122925,0.2710599899291992
2019,5,25,3,0,0.9433810114860535,10.15470027923584,282.5,9.399999618530273,N/A,57243,10.620800018310547,3.281090021133423,0.2505899965763092
2019,5,25,6,0,0.9439299702644348,10.21399974822998,282.5,9.486900329589844,N/A,53190,10.620800018310547,3.1515300273895264,0.24334999918937683
2019,5,25,9,0,0.9390929937362671,10.097299575805664,287.5,9.38029956817627,N/A,44513,10.620800018310547,2.90405011177063,0.24408000707626343
2019,5,25,12,0,0.9318370223045349,9.871399879455566,287.5,9.13010025024414,N/A,36811,10.620800018310547,2.677639961242676,0.25404998660087585
2019,5,25,15,0,0.9246450066566467,9.544599533081055,282.5,8.72350025177002,N/A,32315,10.620800018310547,2.5592401027679443,0.27498000860214233
2019,5,25,18,0,0.9203159809112549,9.00629997253418,282.5,7.985499858856201,N/A,33461,9.655200004577637,2.690459966659546,0.3111700117588043
2019,5,25,21,0,0.9150909781455994,9.01360034942627,282.5,8.13659954071045,N/A,32417,9.655200004577637,2.650089979171753,0.30167001485824585
2019,5,26,0,0,0.905709981918335,9.03320026397705,282.5,8.173100471496582,N/A,26042,9.655200004577637,2.3723199367523193,0.30584999918937683
2019,5,26,3,0,0.9007790088653564,9.03969955444336,282.5,8.156299591064453,N/A,21832,9.655200004577637,2.1709699630737305,0.308459997177124
2019,5,26,6,0,0.8976290225982666,8.826299667358398,282.5,7.841599941253662,N/A,19349,9.655200004577637,2.0700299739837646,0.32370999455451965
2019,5,26,9,0,0.8886139988899231,8.859800338745117,277.5,7.9085001945495605,N/A,16496,9.655200004577637,1.9060399532318115,0.32719001173973083
2019,5,26,12,0,0.882606029510498,8.990500450134277,277.5,8.057600021362305,N/A,15274,8.77750015258789,1.818060040473938,0.32719001173973083
2019,5,26,15,0,0.8725110292434692,9.097900390625,277.5,8.127599716186523,N/A,14367,8.77750015258789,1.748810052871704,0.33779001235961914
2019,5,26,18,0,0.8608599901199341,9.258700370788574,272.5,8.160400390625,N/A,13140,8.77750015258789,1.6510299444198608,0.3582099974155426
2019,5,26,21,0,0.8521649837493896,9.333399772644043,267.5,8.01669979095459,N/A,11972,8.77750015258789,1.5645699501037598,0.37880000472068787
2019,5,27,0,0,0.850039005279541,8.373900413513184,267.5,6.200900077819824,N/A,11700,8.77750015258789,1.6335200071334839,0.4846299886703491
2019,5,27,3,0,0.8474270105361938,8.524200439453125,267.5,6.607699871063232,N/A,10336,8.77750015258789,1.5207099914550781,0.4660800099372864
2019,5,27,6,0,0.8537899851799011,8.92080020904541,267.5,7.138800144195557,N/A,9377,15.550000190734863,1.4135700464248657,0.43634000420570374
2019,5,27,9,0,0.8582119941711426,9.004300117492676,267.5,7.3454999923706055,N/A,8793,15.550000190734863,1.3624099493026733,0.42506998777389526
2019,5,27,12,0,0.8655740022659302,8.949700355529785,262.5,7.327499866485596,N/A,8851,15.550000190734863,1.3705600500106812,0.4294399917125702
2019,5,27,15,0,0.8729910254478455,8.927599906921387,262.5,7.400599956512451,N/A,9596,15.550000190734863,1.430150032043457,0.42100998759269714
2019,5,27,18,0,0.8773540258407593,9.029199600219727,262.5,7.549499988555908,N/A,10290,15.550000190734863,1.4724899530410767,0.41047999262809753
2019,5,27,21,0,0.8826310038566589,8.934700012207031,262.5,6.99560022354126,N/A,10465,15.550000190734863,1.4911500215530396,0.4372999966144562
2019,5,28,0,0,0.8884260058403015,9.19890022277832,257.5,7.38700008392334,N/A,10471,15.550000190734863,1.4678499698638916,0.4235300123691559
2019,5,28,3,0,0.8918989896774292,9.363499641418457,257.5,7.504000186920166,N/A,10158,10.620800018310547,1.43149995803833,0.42337000370025635
2019,5,28,6,0,0.894769012928009,9.465399742126465,257.5,7.669099807739258,N/A,9904,10.620800018310547,1.4052200317382812,0.42524001002311707
2019,5,28,9,0,0.8973360061645508,9.385299682617188,252.5,7.586699962615967,N/A,9927,10.620800018310547,1.413830041885376,0.43481001257896423
2019,5,28,12,0,0.894540011882782,9.219599723815918,252.5,7.50029993057251,N/A,10200,10.620800018310547,1.4483000040054321,0.4410000145435333
2019,5,28,15,0,0.8910670280456543,9.149900436401367,252.5,7.515200138092041,N/A,10663,9.655200004577637,1.4883500337600708,0.4380300045013428
2019,5,28,18,0,0.891385018825531,9.097700119018555,252.5,7.498000144958496,N/A,11127,9.655200004577637,1.5255000591278076,0.4401699900627136
2019,5,28,21,0,0.8900669813156128,9.108799934387207,252.5,7.285999774932861,N/A,10859,9.655200004577637,1.5033199787139893,0.46219998598098755
2019,5,29,0,0,0.891884982585907,9.294400215148926,252.5,7.266600131988525,N/A,10640,9.655200004577637,1.4690300226211548,0.4757100045681
2019,5,29,3,0,0.8944219946861267,9.555700302124023,247.5,7.483799934387207,N/A,10287,18.81559944152832,1.4204100370407104,0.4768899977207184
2019,5,29,6,0,0.9002649784088135,9.817700386047363,247.5,7.558000087738037,N/A,9700,18.81559944152832,1.3560800552368164,0.48138999938964844
2019,5,29,9,0,0.9090530276298523,10.058600425720215,242.5,7.598100185394287,N/A,9358,17.104999542236328,1.311710000038147,0.48583000898361206
2019,5,29,12,0,0.914205014705658,10.264399528503418,242.5,7.656899929046631,N/A,9385,17.104999542236328,1.2971500158309937,0.487199991941452
2019,5,29,15,0,0.9132130146026611,10.450400352478027,242.5,7.776500225067139,N/A,9684,17.104999542236328,1.3034000396728516,0.4833100140094757
2019,5,29,18,0,0.913578987121582,10.635100364685059,242.5,7.895699977874756,N/A,10028,17.104999542236328,1.312209963798523,0.4767000079154968
2019,5,29,21,0,0.9167140126228333,10.600099563598633,242.5,7.421800136566162,N/A,10408,17.104999542236328,1.3374899625778198,0.4879100024700165
2019,5,30,0,0,0.9099649786949158,9.752900123596191,242.5,6.2652997970581055,N/A,11030,17.104999542236328,1.4380700588226318,0.5534499883651733
2019,5,30,3,0,0.9101099967956543,10.241499900817871,242.5,7.159599781036377,N/A,11027,17.104999542236328,1.4020500183105469,0.5037500262260437
2019,5,30,6,0,0.9134619832038879,10.537199974060059,242.5,7.66510009765625,N/A,11044,17.104999542236328,1.3825500011444092,0.47356998920440674
2019,5,30,9,0,0.9185889959335327,10.700300216674805,237.5,7.955999851226807,N/A,11075,15.550000190734863,1.3728899955749512,0.45868998765945435
2019,5,30,12,0,0.9205800294876099,10.857099533081055,237.5,8.187299728393555,N/A,11355,15.550000190734863,1.378730058670044,0.44780999422073364
2019,5,30,15,0,0.9177590012550354,10.920100212097168,237.5,8.336299896240234,N/A,11758,15.550000190734863,1.3984899520874023,0.44207000732421875
2019,5,30,18,0,0.9114800095558167,10.803600311279297,237.5,8.288000106811523,N/A,12119,15.550000190734863,1.42877995967865,0.444489985704422
2019,5,30,21,0,0.9058420062065125,10.313300132751465,242.5,7.298099994659424,N/A,12430,15.550000190734863,1.4828799962997437,0.48298001289367676
2019,5,31,0,0,0.8878200054168701,9.214599609375,242.5,6.197299957275391,N/A,13079,15.550000190734863,1.6152700185775757,0.555679976940155
2019,5,31,3,0,0.8733239769935608,8.856200218200684,247.5,6.377900123596191,N/A,13880,15.550000190734863,1.705299973487854,0.5420200228691101
2019,5,31,6,0,0.8698490262031555,8.810199737548828,247.5,6.776800155639648,N/A,14632,15.550000190734863,1.7628200054168701,0.5048800110816956
2019,5,31,9,0,0.8668209910392761,8.821999549865723,252.5,6.979800224304199,N/A,14884,15.550000190734863,1.7804499864578247,0.48179998993873596
2019,5,31,12,0,0.8642849922180176,8.838199615478516,252.5,7.202000141143799,N/A,15801,15.550000190734863,1.8378299474716187,0.4534800052642822
2019,5,31,15,0,0.8619080185890198,8.948699951171875,252.5,7.337900161743164,N/A,15944,15.550000190734863,1.8340400457382202,0.4417800009250641
2019,5,31,18,0,0.8636149764060974,9.106800079345703,252.5,7.276500225067139,N/A,15075,15.550000190734863,1.7627099752426147,0.4487200081348419
2019,5,31,21,0,0.8666689991950989,8.905900001525879,252.5,6.65910005569458,N/A,14473,14.136300086975098,1.7431000471115112,0.48778998851776123
2019,6,1,0,0,0.8661969900131226,8.716300010681152,252.5,6.472700119018555,N/A,14680,14.136300086975098,1.7760100364685059,0.4995900094509125
2019,6,1,3,0,0.860077977180481,8.441699981689453,252.5,6.344900131225586,N/A,15419,14.136300086975098,1.8547300100326538,0.5018200278282166
2019,6,1,6,0,0.8576040267944336,8.445099830627441,257.5,6.658599853515625,N/A,16286,14.136300086975098,1.912660002708435,0.46733999252319336
2019,6,1,9,0,0.8586080074310303,8.659000396728516,257.5,6.963600158691406,N/A,15241,14.136300086975098,1.8268799781799316,0.4458700120449066
2019,6,1,12,0,0.8642809987068176,8.92770004272461,257.5,7.118599891662598,N/A,13457,14.136300086975098,1.687459945678711,0.4360800087451935
2019,6,1,15,0,0.8734580278396606,9.024399757385254,252.5,7.121200084686279,N/A,12374,14.136300086975098,1.608780026435852,0.4310300052165985
2019,6,1,18,0,0.8802289962768555,8.556699752807617,252.5,6.791999816894531,N/A,12957,14.136300086975098,1.6982799768447876,0.4374699890613556
2019,6,1,21,0,0.8795610070228577,7.959400177001953,262.5,6.570499897003174,N/A,16964,7.2540998458862305,2.0344600677490234,0.41100001335144043
2019,6,2,0,0,0.8797299861907959,7.982100009918213,272.5,6.9141998291015625,N/A,23188,7.979499816894531,2.389539957046509,0.35447001457214355
2019,6,2,3,0,0.8793540000915527,8.246199607849121,272.5,7.332300186157227,N/A,22589,7.979499816894531,2.320470094680786,0.32694000005722046
2019,6,2,6,0,0.8774660229682922,8.401700019836426,272.5,7.522600173950195,N/A,19970,7.979499816894531,2.15910005569458,0.3218500018119812
2019,6,2,9,0,0.875190019607544,8.502099990844727,272.5,7.624899864196777,N/A,17911,8.77750015258789,2.0309700965881348,0.32023999094963074
2019,6,2,12,0,0.8706880211830139,8.571800231933594,272.5,7.661499977111816,N/A,15506,8.77750015258789,1.879480004310608,0.3264400064945221
2019,6,2,15,0,0.8662369847297668,8.626700401306152,267.5,7.641300201416016,N/A,13017,7.979499816894531,1.7130000591278076,0.3403399884700775
2019,6,2,18,0,0.8666939735412598,8.675800323486328,267.5,7.589799880981445,N/A,11206,7.979499816894531,1.5816400051116943,0.35565999150276184
2019,6,2,21,0,0.8678249716758728,8.570799827575684,267.5,7.112299919128418,N/A,9995,7.979499816894531,1.5008200407028198,0.38776999711990356
2019,6,3,0,0,0.8722540140151978,8.606900215148926,262.5,6.9741997718811035,N/A,9337,10.620800018310547,1.4459099769592285,0.4008300006389618
2019,6,3,3,0,0.8707219958305359,8.06350040435791,262.5,6.281000137329102,N/A,9265,10.620800018310547,1.4904199838638306,0.44764000177383423
2019,6,3,6,0,0.8611389994621277,7.5152997970581055,267.5,5.849100112915039,N/A,9832,9.655200004577637,1.5943200588226318,0.4777100086212158
2019,6,3,9,0,0.8492680191993713,7.600800037384033,262.5,6.003300189971924,N/A,9530,9.655200004577637,1.5600600242614746,0.47523999214172363
2019,6,3,12,0,0.8459129929542542,7.572500228881836,262.5,5.744200229644775,N/A,8493,9.655200004577637,1.4717199802398682,0.5141400098800659
2019,6,3,15,0,0.8521919846534729,6.955999851226807,262.5,5.413700103759766,N/A,9949,5.995100021362305,1.6697700023651123,0.5234900116920471
2019,6,3,18,0,0.8522499799728394,7.032100200653076,262.5,5.552800178527832,N/A,10651,5.995100021362305,1.720289945602417,0.5046200156211853
2019,6,3,21,0,0.8770210146903992,7.551799774169922,267.5,6.0030999183654785,N/A,14745,9.655200004577637,1.95346999168396,0.45754000544548035
2019,6,4,0,0,0.9001790285110474,8.381199836730957,277.5,6.745200157165527,N/A,22931,9.655200004577637,2.30076003074646,0.40931999683380127
2019,6,4,3,0,0.9075390100479126,8.605500221252441,277.5,7.032599925994873,N/A,27940,10.620800018310547,2.5055201053619385,0.38543999195098877
2019,6,4,6,0,0.9032899737358093,8.465200424194336,277.5,7.096199989318848,N/A,27067,10.620800018310547,2.4971399307250977,0.36667999625205994
2019,6,4,9,0,0.8993129730224609,8.538100242614746,272.5,7.442200183868408,N/A,22650,10.620800018310547,2.278899908065796,0.3443300127983093
2019,6,4,12,0,0.894769012928009,8.48859977722168,272.5,7.313799858093262,N/A,17806,9.655200004577637,2.0266799926757812,0.35717999935150146
2019,6,4,15,0,0.8944389820098877,8.347700119018555,267.5,7.103400230407715,N/A,15068,9.655200004577637,1.8804600238800049,0.3747600018978119
2019,6,4,18,0,0.890841007232666,8.19950008392334,267.5,6.855599880218506,N/A,13393,9.655200004577637,1.7884600162506104,0.3975299894809723
2019,6,4,21,0,0.8849589824676514,8.327300071716309,262.5,6.97189998626709,N/A,11958,8.77750015258789,1.6739100217819214,0.4063799977302551
2019,6,5,0,0,0.8803240060806274,8.382699966430664,262.5,6.738100051879883,N/A,11094,8.77750015258789,1.604159951210022,0.4280399978160858
2019,6,5,3,0,0.8738070130348206,8.642800331115723,262.5,7.182400226593018,N/A,9912,8.77750015258789,1.4903000593185425,0.4165099859237671
2019,6,5,6,0,0.8717489838600159,8.805100440979004,257.5,7.4207000732421875,N/A,8783,8.77750015258789,1.387120008468628,0.41519999504089355
2019,6,5,9,0,0.8687229752540588,8.907299995422363,257.5,7.479499816894531,N/A,7751,8.77750015258789,1.2927299737930298,0.4239000082015991
2019,6,5,12,0,0.868474006652832,9.035599708557129,252.5,7.50540018081665,N/A,6820,7.979499816894531,1.2003999948501587,0.4358200132846832
2019,6,5,15,0,0.867235004901886,9.091500282287598,252.5,7.234799861907959,N/A,6196,7.979499816894531,1.1381800174713135,0.4508500099182129
2019,6,5,18,0,0.8629019856452942,7.882800102233887,247.5,5.452000141143799,N/A,6266,7.979499816894531,1.2312999963760376,0.564740002155304
2019,6,5,21,0,0.863290011882782,6.968900203704834,237.5,5.215400218963623,N/A,8263,7.979499816894531,1.5166699886322021,0.5561800003051758
2019,6,6,0,0,0.870061993598938,7.164100170135498,242.5,5.52400016784668,N/A,8353,7.2540998458862305,1.5044699907302856,0.5266000032424927
2019,6,6,3,0,0.8833109736442566,7.405799865722656,252.5,6.248000144958496,N/A,11688,7.2540998458862305,1.761549949645996,0.42601001262664795
2019,6,6,6,0,0.8894339799880981,7.979100227355957,252.5,6.951600074768066,N/A,12210,7.979499816894531,1.7333699464797974,0.37918999791145325
2019,6,6,9,0,0.8929650187492371,8.271300315856934,252.5,7.279699802398682,N/A,11977,7.979499816894531,1.6841200590133667,0.3628599941730499
2019,6,6,12,0,0.894569993019104,8.371899604797363,252.5,7.362599849700928,N/A,11229,7.979499816894531,1.6190199851989746,0.36531001329421997
2019,6,6,15,0,0.8948829770088196,8.38290023803711,252.5,7.2906999588012695,N/A,10555,7.979499816894531,1.5674699544906616,0.374210000038147
2019,6,6,18,0,0.8974120020866394,8.194499969482422,252.5,6.845099925994873,N/A,10608,8.77750015258789,1.590939998626709,0.39125001430511475
2019,6,6,21,0,0.8987929821014404,7.914700031280518,252.5,6.489999771118164,N/A,11695,8.77750015258789,1.7041900157928467,0.3960599899291992
2019,6,7,0,0,0.8964189887046814,7.637199878692627,252.5,6.246699810028076,N/A,12538,8.77750015258789,1.7998100519180298,0.4003700017929077
2019,6,7,3,0,0.8992540240287781,7.986000061035156,252.5,6.887499809265137,N/A,11177,8.77750015258789,1.6609699726104736,0.358460009098053
2019,6,7,6,0,0.9011319875717163,7.911600112915039,252.5,6.826300144195557,N/A,10367,8.77750015258789,1.607699990272522,0.35912999510765076
2019,6,7,9,0,0.9068930149078369,7.511000156402588,252.5,6.3927001953125,N/A,11181,7.979499816894531,1.7167999744415283,0.3772999942302704
2019,6,7,12,0,0.9036830067634583,7.3618998527526855,257.5,6.228300094604492,N/A,11302,7.979499816894531,1.7437800168991089,0.3903599977493286
2019,6,7,15,0,0.9004970192909241,7.482399940490723,257.5,6.430500030517578,N/A,10850,7.979499816894531,1.6940699815750122,0.38043999671936035
2019,6,7,18,0,0.8991460204124451,7.613900184631348,257.5,6.734000205993652,N/A,11605,7.979499816894531,1.7389700412750244,0.3490400016307831
2019,6,7,21,0,0.8982139825820923,7.735300064086914,262.5,6.84630012512207,N/A,12404,7.979499816894531,1.7858200073242188,0.32721999287605286
2019,6,8,0,0,0.8983520269393921,7.631800174713135,267.5,6.5914998054504395,N/A,12952,7.979499816894531,1.8383400440216064,0.3370000123977661
2019,6,8,3,0,0.8921779990196228,7.5945000648498535,267.5,6.640399932861328,N/A,12156,7.979499816894531,1.785599946975708,0.3321700096130371
2019,6,8,6,0,0.8780789971351624,7.639200210571289,272.5,6.8043999671936035,N/A,10289,7.979499816894531,1.6365900039672852,0.3287999927997589
2019,6,8,9,0,0.8630610108375549,7.59089994430542,272.5,6.77209997177124,N/A,9090,7.979499816894531,1.5415199995040894,0.340829998254776
2019,6,8,12,0,0.8525239825248718,7.537399768829346,272.5,6.721199989318848,N/A,8339,7.979499816894531,1.4802199602127075,0.3553299903869629
2019,6,8,15,0,0.8451550006866455,7.487500190734863,272.5,6.636899948120117,N/A,7572,7.2540998458862305,1.4135799407958984,0.3743099868297577
2019,6,8,18,0,0.8450999855995178,7.372499942779541,267.5,6.4309000968933105,N/A,6719,7.2540998458862305,1.340559959411621,0.3987399935722351
2019,6,8,21,0,0.8469430208206177,6.890999794006348,267.5,5.559800148010254,N/A,6300,7.2540998458862305,1.3432799577713013,0.4527899920940399
2019,6,9,0,0,0.8345469832420349,6.446199893951416,267.5,5.061500072479248,N/A,6149,7.2540998458862305,1.3726099729537964,0.49090999364852905
2019,6,9,3,0,0.8156710267066956,6.9791998863220215,267.5,5.645100116729736,N/A,5128,7.2540998458862305,1.1999900341033936,0.46553000807762146
2019,6,9,6,0,0.8058279752731323,7.3821001052856445,262.5,6.075300216674805,N/A,4575,7.2540998458862305,1.0990099906921387,0.4467700123786926
2019,6,9,9,0,0.7989040017127991,7.609799861907959,262.5,6.28980016708374,N/A,4080,7.2540998458862305,1.019919991493225,0.4415600001811981
2019,6,9,12,0,0.793724000453949,7.747399806976318,262.5,6.390200138092041,N/A,3580,7.2540998458862305,0.944920003414154,0.4456599950790405
2019,6,9,15,0,0.7957360148429871,7.827000141143799,262.5,6.446599960327148,N/A,3224,7.2540998458862305,0.891319990158081,0.4498400092124939
2019,6,9,18,0,0.8053249716758728,7.968100070953369,262.5,6.523900032043457,N/A,3021,7.2540998458862305,0.85343998670578,0.4564799964427948
2019,6,9,21,0,0.8218839764595032,7.174900054931641,267.5,4.897500038146973,N/A,3368,7.2540998458862305,0.949940025806427,0.5650799870491028
2019,6,10,0,0,0.8446940183639526,6.432000160217285,267.5,4.569799900054932,N/A,4952,10.620800018310547,1.2216099500656128,0.5932899713516235
2019,6,10,3,0,0.8679720163345337,6.867800235748291,272.5,4.996699810028076,N/A,6851,10.620800018310547,1.392109990119934,0.536620020866394
2019,6,10,6,0,0.9032440185546875,7.874800205230713,267.5,5.885000228881836,N/A,9505,10.620800018310547,1.5303200483322144,0.449180006980896
2019,6,10,9,0,0.9306589961051941,8.650099754333496,267.5,7.053100109100342,N/A,12094,10.620800018310547,1.6487200260162354,0.35394999384880066
2019,6,10,12,0,0.9480969905853271,9.16100025177002,267.5,8.075799942016602,N/A,13611,10.620800018310547,1.6998599767684937,0.28468000888824463
2019,6,10,15,0,0.9566159844398499,9.359299659729004,262.5,8.552399635314941,N/A,14299,10.620800018310547,1.7236000299453735,0.25446000695228577
2019,6,10,18,0,0.9606410264968872,9.3818998336792,262.5,8.605500221252441,N/A,14141,10.620800018310547,1.7118099927902222,0.25025999546051025
2019,6,10,21,0,0.9614019989967346,9.246299743652344,262.5,8.212699890136719,N/A,13584,10.620800018310547,1.6907000541687012,0.26829999685287476
2019,6,11,0,0,0.9560490250587463,8.638099670410156,262.5,7.013899803161621,N/A,12676,10.620800018310547,1.6925400495529175,0.33882999420166016
2019,6,11,3,0,0.9499830007553101,8.373100280761719,262.5,6.761899948120117,N/A,12235,9.655200004577637,1.690459966659546,0.3582800030708313
2019,6,11,6,0,0.9460470080375671,8.178099632263184,262.5,6.716899871826172,N/A,11086,9.655200004577637,1.6299599409103394,0.3627699911594391
2019,6,11,9,0,0.9437080025672913,8.211000442504883,262.5,7.014200210571289,N/A,10230,9.655200004577637,1.5630300045013428,0.3476099967956543
2019,6,11,12,0,0.9427949786186218,8.338299751281738,262.5,7.2291998863220215,N/A,9395,9.655200004577637,1.485859990119934,0.33823999762535095
2019,6,11,15,0,0.9435790181159973,8.458100318908691,257.5,7.364500045776367,N/A,8354,9.655200004577637,1.3907899856567383,0.3328000009059906
2019,6,11,18,0,0.9428880214691162,8.445099830627441,257.5,7.3007001876831055,N/A,7406,9.655200004577637,1.3105800151824951,0.33776000142097473
2019,6,11,21,0,0.9431859850883484,8.35569953918457,257.5,7.060999870300293,N/A,6896,9.655200004577637,1.2715200185775757,0.3520199954509735
2019,6,12,0,0,0.9245010018348694,7.316500186920166,262.5,5.439799785614014,N/A,7311,9.655200004577637,1.399839997291565,0.47200000286102295
2019,6,12,3,0,0.9146720170974731,7.207300186157227,267.5,5.634799957275391,N/A,9361,9.655200004577637,1.5944700241088867,0.46230000257492065
2019,6,12,6,0,0.9291120171546936,8.089799880981445,267.5,6.481800079345703,N/A,10859,9.655200004577637,1.6093499660491943,0.42513999342918396
2019,6,12,9,0,0.9398689866065979,8.850700378417969,267.5,7.34119987487793,N/A,11875,12.851200103759766,1.6017500162124634,0.3792099952697754
2019,6,12,12,0,0.9467530250549316,9.410799980163574,262.5,7.978300094604492,N/A,12175,12.851200103759766,1.5686999559402466,0.34213000535964966
2019,6,12,15,0,0.9485070109367371,9.59220027923584,262.5,8.349499702453613,N/A,13014,11.682900428771973,1.608240008354187,0.3142400085926056
2019,6,12,18,0,0.9412379860877991,9.474800109863281,262.5,8.327500343322754,N/A,12753,11.682900428771973,1.6059900522232056,0.30827000737190247
2019,6,12,21,0,0.9362940192222595,9.555299758911133,257.5,8.444199562072754,N/A,11935,11.682900428771973,1.5470800399780273,0.3019599914550781
2019,6,13,0,0,0.9293509721755981,8.98960018157959,257.5,7.108399868011475,N/A,11705,10.620800018310547,1.5824400186538696,0.36522001028060913
2019,6,13,3,0,0.9129639863967896,7.883900165557861,262.5,6.278200149536133,N/A,13317,10.620800018310547,1.8152899742126465,0.40825000405311584
2019,6,13,6,0,0.9128890037536621,7.8592000007629395,267.5,6.863399982452393,N/A,16019,7.979499816894531,2.0071001052856445,0.33298999071121216
2019,6,13,9,0,0.913519024848938,8.013899803161621,267.5,7.197000026702881,N/A,17625,8.77750015258789,2.0897700786590576,0.29499000310897827
2019,6,13,12,0,0.9106799960136414,8.053199768066406,272.5,7.260300159454346,N/A,18636,8.77750015258789,2.1450700759887695,0.2866699993610382
2019,6,13,15,0,0.9072750210762024,7.994699954986572,272.5,7.215099811553955,N/A,19675,8.77750015258789,2.21274995803833,0.2888599932193756
2019,6,13,18,0,0.9046189785003662,7.846499919891357,272.5,6.958700180053711,N/A,21170,8.77750015258789,2.3175599575042725,0.3051699995994568
2019,6,13,21,0,0.896261990070343,7.875100135803223,272.5,7.022900104522705,N/A,20327,8.77750015258789,2.2661499977111816,0.30351001024246216
2019,6,14,0,0,0.8896260261535645,7.821100234985352,272.5,6.956600189208984,N/A,18066,7.979499816894531,2.1431500911712646,0.31040000915527344
2019,6,14,3,0,0.8889470100402832,7.8805999755859375,272.5,7.12060022354126,N/A,17104,7.979499816894531,2.078809976577759,0.2941400110721588
2019,6,14,6,0,0.8937510251998901,7.9842000007629395,272.5,7.318900108337402,N/A,17744,7.979499816894531,2.1054699420928955,0.27358999848365784
2019,6,14,9,0,0.8986459970474243,8.079500198364258,277.5,7.440100193023682,N/A,18507,8.77750015258789,2.138390064239502,0.2621299922466278
2019,6,14,12,0,0.8961949944496155,7.976500034332275,277.5,7.338200092315674,N/A,16987,8.77750015258789,2.0629799365997314,0.26548999547958374
2019,6,14,15,0,0.8867310285568237,7.795100212097168,277.5,7.1427001953125,N/A,13619,7.979499816894531,1.868499994277954,0.2791700065135956
2019,6,14,18,0,0.8714240193367004,7.677000045776367,272.5,6.935100078582764,N/A,9777,7.979499816894531,1.5919100046157837,0.31071001291275024
2019,6,14,21,0,0.8650590181350708,7.6118998527526855,267.5,6.756400108337402,N/A,7719,7.979499816894531,1.4167100191116333,0.3456299901008606
2019,6,15,0,0,0.8694130182266235,7.60699987411499,262.5,6.585299968719482,N/A,6910,7.2540998458862305,1.338070034980774,0.3768399953842163
2019,6,15,3,0,0.8676789999008179,7.578800201416016,262.5,6.339700222015381,N/A,6390,7.2540998458862305,1.2870700359344482,0.4114699959754944
2019,6,15,6,0,0.8653429746627808,7.490699768066406,262.5,6.301300048828125,N/A,6321,7.2540998458862305,1.2860300540924072,0.4329800009727478
2019,6,15,9,0,0.8642420172691345,7.560800075531006,267.5,6.433199882507324,N/A,6786,7.2540998458862305,1.3255399465560913,0.42864999175071716
2019,6,15,12,0,0.8616250157356262,7.609300136566162,267.5,6.5518999099731445,N/A,6876,7.2540998458862305,1.3311100006103516,0.4148400127887726
2019,6,15,15,0,0.867343008518219,7.594099998474121,272.5,6.578800201416016,N/A,7181,7.2540998458862305,1.3622000217437744,0.40702998638153076
2019,6,15,18,0,0.8725510239601135,7.58620023727417,272.5,6.284299850463867,N/A,7323,7.2540998458862305,1.3702900409698486,0.44690001010894775
2019,6,15,21,0,0.875756025314331,7.305200099945068,272.5,5.741000175476074,N/A,7719,6.594600200653076,1.4315299987792969,0.4985400140285492
2019,6,16,0,0,0.8657240271568298,6.757999897003174,272.5,5.169099807739258,N/A,8309,6.594600200653076,1.5460100173950195,0.5594000220298767
2019,6,16,3,0,0.8630610108375549,7.108399868011475,272.5,5.451300144195557,N/A,8829,6.594600200653076,1.5515799522399902,0.5617300271987915
2019,6,16,6,0,0.8631290197372437,7.5854997634887695,272.5,5.796899795532227,N/A,8507,12.851200103759766,1.4686700105667114,0.5735599994659424
2019,6,16,9,0,0.8672599792480469,7.703199863433838,272.5,5.691699981689453,N/A,8142,12.851200103759766,1.4222500324249268,0.5944300293922424
2019,6,16,12,0,0.8733220100402832,7.7530999183654785,267.5,5.823599815368652,N/A,7891,12.851200103759766,1.3952200412750244,0.5738599896430969
2019,6,16,15,0,0.8779640197753906,8.015700340270996,267.5,5.995500087738037,N/A,7405,12.851200103759766,1.3262300491333008,0.555649995803833
2019,6,16,18,0,0.8869159817695618,8.369099617004395,267.5,6.087800025939941,N/A,7556,11.682900428771973,1.3077800273895264,0.5565400123596191
2019,6,16,21,0,0.894743025302887,8.438699722290039,262.5,5.955999851226807,N/A,8768,11.682900428771973,1.4025599956512451,0.5765100121498108
2019,6,17,0,0,0.8944560289382935,8.33430004119873,262.5,5.884699821472168,N/A,10583,11.682900428771973,1.5526000261306763,0.586929976940155
2019,6,17,3,0,0.8935790061950684,8.476099967956543,262.5,6.177700042724609,N/A,11760,20.697200775146484,1.6242799758911133,0.5652899742126465
2019,6,17,6,0,0.8951079845428467,8.63539981842041,262.5,6.498799800872803,N/A,11668,20.697200775146484,1.6030100584030151,0.5423300266265869
2019,6,17,9,0,0.8972340226173401,8.707799911499023,262.5,6.6097002029418945,N/A,10840,11.682900428771973,1.5379899740219116,0.5274199843406677
2019,6,17,12,0,0.8981040120124817,8.856300354003906,262.5,6.676300048828125,N/A,10078,11.682900428771973,1.4679399728775024,0.5199900269508362
2019,6,17,15,0,0.9006620049476624,9.149100303649902,257.5,6.788099765777588,N/A,9848,18.81559944152832,1.4232699871063232,0.5183799862861633
2019,6,17,18,0,0.9033750295639038,9.623700141906738,257.5,7.069799900054932,N/A,10057,18.81559944152832,1.397070050239563,0.5094500184059143
2019,6,17,21,0,0.9071069955825806,10.131699562072754,252.5,7.41379976272583,N/A,10332,18.81559944152832,1.375939965248108,0.49129998683929443
2019,6,18,0,0,0.9095649719238281,10.410300254821777,252.5,7.734499931335449,N/A,10453,18.81559944152832,1.3636000156402588,0.4738999903202057
2019,6,18,3,0,0.9079930186271667,10.394599914550781,252.5,7.777699947357178,N/A,10846,18.81559944152832,1.3911999464035034,0.46048998832702637
2019,6,18,6,0,0.9052850008010864,9.7052001953125,252.5,6.9882001876831055,N/A,10717,18.81559944152832,1.433899998664856,0.5023800134658813
2019,6,18,9,0,0.8971670269966125,8.329299926757812,257.5,6.0609002113342285,N/A,12676,18.81559944152832,1.697409987449646,0.547950029373169
2019,6,18,12,0,0.8937079906463623,8.011199951171875,257.5,6.17579984664917,N/A,14828,17.104999542236328,1.883020043373108,0.5116900205612183
2019,6,18,15,0,0.8907939791679382,8.120499610900879,262.5,6.5131001472473145,N/A,16050,17.104999542236328,1.9498399496078491,0.4745199978351593
2019,6,18,18,0,0.8869929909706116,8.3503999710083,262.5,6.874899864196777,N/A,16989,17.104999542236328,1.9788099527359009,0.4456999897956848
2019,6,18,21,0,0.8832169771194458,8.63479995727539,262.5,7.235499858856201,N/A,18017,17.104999542236328,2.0032200813293457,0.41967999935150146
2019,6,19,0,0,0.883213996887207,8.32390022277832,267.5,6.817999839782715,N/A,21538,9.655200004577637,2.2383298873901367,0.42329999804496765
2019,6,19,3,0,0.8831959962844849,8.007599830627441,277.5,6.846099853515625,N/A,30815,8.77750015258789,2.749459981918335,0.37918001413345337
2019,6,19,6,0,0.8848479986190796,8.173600196838379,277.5,7.210599899291992,N/A,37299,8.77750015258789,3.0004100799560547,0.3377099931240082
2019,6,19,9,0,0.8830220103263855,8.089900016784668,277.5,7.160699844360352,N/A,34780,8.77750015258789,2.914330005645752,0.3354099988937378
2019,6,19,12,0,0.8793519735336304,7.997799873352051,277.5,7.020100116729736,N/A,26506,7.979499816894531,2.556180000305176,0.3523100018501282
2019,6,19,15,0,0.8827289938926697,7.812099933624268,272.5,6.7480998039245605,N/A,22419,7.979499816894531,2.3777999877929688,0.3722899854183197
2019,6,19,18,0,0.8826839923858643,7.562600135803223,272.5,6.423999786376953,N/A,20508,7.979499816894531,2.311729907989502,0.39302000403404236
2019,6,19,21,0,0.8831729888916016,7.3460001945495605,272.5,6.234099864959717,N/A,21075,7.2540998458862305,2.38070011138916,0.39625999331474304
2019,6,20,0,0,0.8845409750938416,7.402500152587891,277.5,6.348599910736084,N/A,23855,7.979499816894531,2.526360034942627,0.3762899935245514
2019,6,20,3,0,0.8885549902915955,7.566800117492676,282.5,6.575799942016602,N/A,27608,7.979499816894531,2.690890073776245,0.3510099947452545
2019,6,20,6,0,0.8917139768600464,7.7133002281188965,282.5,6.772600173950195,N/A,27960,7.979499816894531,2.6821699142456055,0.33733001351356506
2019,6,20,9,0,0.8928080201148987,7.889500141143799,277.5,6.9527997970581055,N/A,24273,7.979499816894531,2.4674999713897705,0.33748000860214233
2019,6,20,12,0,0.8925489783287048,8.168499946594238,277.5,7.230400085449219,N/A,19448,7.979499816894531,2.1636900901794434,0.3448199927806854
2019,6,20,15,0,0.8948529958724976,8.378399848937988,272.5,7.338200092315674,N/A,16154,8.77750015258789,1.9414299726486206,0.3589699864387512
2019,6,20,18,0,0.9007580280303955,8.447999954223633,272.5,7.412199974060059,N/A,15249,8.77750015258789,1.878440022468567,0.3553999960422516
2019,6,20,21,0,0.9070159792900085,8.461799621582031,272.5,7.419400215148926,N/A,15490,8.77750015258789,1.8942999839782715,0.3433299958705902
2019,6,21,0,0,0.9141730070114136,8.341699600219727,277.5,7.24399995803833,N/A,18802,8.77750015258789,2.107189893722534,0.33524999022483826
2019,6,21,3,0,0.9158449769020081,8.411700248718262,277.5,7.592299938201904,N/A,21126,8.77750015258789,2.228450059890747,0.30485999584198
2019,6,21,6,0,0.9162020087242126,8.500100135803223,282.5,7.759300231933594,N/A,22072,8.77750015258789,2.2668299674987793,0.2934800088405609
2019,6,21,9,0,0.9153100252151489,8.524800300598145,282.5,7.801799774169922,N/A,20746,8.77750015258789,2.1946699619293213,0.2937600016593933
2019,6,21,12,0,0.9128810167312622,8.547699928283691,277.5,7.813399791717529,N/A,19073,8.77750015258789,2.100860118865967,0.29736000299453735
2019,6,21,15,0,0.9114620089530945,8.54010009765625,277.5,7.78849983215332,N/A,17013,8.77750015258789,1.9844499826431274,0.3044399917125702
2019,6,21,18,0,0.9112849831581116,8.569499969482422,277.5,7.798600196838379,N/A,15537,8.77750015258789,1.8919700384140015,0.3114500045776367
2019,6,21,21,0,0.9082599878311157,8.563699722290039,277.5,7.7403998374938965,N/A,14269,8.77750015258789,1.8124699592590332,0.3245599865913391
2019,6,22,0,0,0.9053800106048584,8.403800010681152,277.5,7.357800006866455,N/A,13462,8.77750015258789,1.7767800092697144,0.3507699966430664
2019,6,22,3,0,0.8982120156288147,8.1628999710083,277.5,7.1707000732421875,N/A,12420,7.979499816894531,1.7318899631500244,0.3707599937915802
2019,6,22,6,0,0.8926510214805603,8.021699905395508,277.5,7.093500137329102,N/A,12055,7.979499816894531,1.7223999500274658,0.37220999598503113
2019,6,22,9,0,0.8873890042304993,8.023099899291992,277.5,7.14109992980957,N/A,11657,7.979499816894531,1.6943700313568115,0.3634699881076813
2019,6,22,12,0,0.8802649974822998,7.9492998123168945,277.5,7.063799858093262,N/A,10430,7.979499816894531,1.6096500158309937,0.3700700104236603
2019,6,22,15,0,0.866100013256073,7.831900119781494,277.5,6.838900089263916,N/A,8621,7.979499816894531,1.4705899953842163,0.4054099917411804
2019,6,22,18,0,0.851589024066925,7.7779998779296875,272.5,6.560200214385986,N/A,7114,7.2540998458862305,1.3336900472640991,0.46160000562667847
2019,6,22,21,0,0.8420439958572388,7.926700115203857,262.5,6.348700046539307,N/A,6031,6.594600200653076,1.207610011100769,0.5191900134086609
2019,6,23,0,0,0.8432869911193848,8.14330005645752,257.5,6.043399810791016,N/A,5369,17.104999542236328,1.116320013999939,0.566290020942688
2019,6,23,3,0,0.8486930131912231,6.957900047302246,267.5,5.217299938201904,N/A,7173,17.104999542236328,1.4093799591064453,0.5878999829292297
2019,6,23,6,0,0.880478024482727,7.378399848937988,277.5,6.404900074005127,N/A,13370,7.2540998458862305,1.892899990081787,0.4000000059604645
2019,6,23,9,0,0.8846510052680969,7.542399883270264,277.5,6.6616997718811035,N/A,14767,7.2540998458862305,1.9708800315856934,0.3659200072288513
2019,6,23,12,0,0.8816310167312622,7.547900199890137,277.5,6.658299922943115,N/A,13600,7.2540998458862305,1.889549970626831,0.3694700002670288
2019,6,23,15,0,0.874055027961731,7.465400218963623,272.5,6.420000076293945,N/A,11040,7.2540998458862305,1.7074300050735474,0.4033699929714203
2019,6,23,18,0,0.8712000250816345,7.43720006942749,272.5,6.154399871826172,N/A,9666,7.2540998458862305,1.5939199924468994,0.44516998529434204
2019,6,23,21,0,0.8804600238800049,7.808000087738037,272.5,6.299699783325195,N/A,11179,7.2540998458862305,1.664620041847229,0.44650998711586
2019,6,24,0,0,0.8920819759368896,8.327199935913086,277.5,6.712399959564209,N/A,13986,11.682900428771973,1.799739956855774,0.41249001026153564
2019,6,24,3,0,0.8994889855384827,8.69729995727539,277.5,7.167600154876709,N/A,15475,10.620800018310547,1.8535399436950684,0.3742299973964691
2019,6,24,6,0,0.8954259753227234,8.855199813842773,277.5,7.48360013961792,N/A,14322,10.620800018310547,1.7674599885940552,0.35611000657081604
2019,6,24,9,0,0.8927680253982544,8.887499809265137,277.5,7.612800121307373,N/A,13468,10.620800018310547,1.7116800546646118,0.3477500081062317
2019,6,24,12,0,0.8882020115852356,8.892999649047852,277.5,7.6595001220703125,N/A,12348,10.620800018310547,1.638800024986267,0.3452000021934509
2019,6,24,15,0,0.8838419914245605,8.932299613952637,277.5,7.743500232696533,N/A,11206,9.655200004577637,1.5579500198364258,0.3397899866104126
2019,6,24,18,0,0.8807169795036316,8.987299919128418,277.5,7.867400169372559,N/A,10128,9.655200004577637,1.477220058441162,0.3300800025463104
2019,6,24,21,0,0.8791630268096924,8.978799819946289,277.5,7.881499767303467,N/A,9182,9.655200004577637,1.40871000289917,0.3221200108528137
2019,6,25,0,0,0.8813040256500244,8.727399826049805,277.5,7.203499794006348,N/A,8735,9.655200004577637,1.3957799673080444,0.3454599976539612
2019,6,25,3,0,0.8765910267829895,8.701299667358398,277.5,7.390500068664551,N/A,7856,9.655200004577637,1.3266199827194214,0.33463001251220703
2019,6,25,6,0,0.866694986820221,8.806500434875488,277.5,7.740200042724609,N/A,6843,8.77750015258789,1.2296299934387207,0.32249000668525696
2019,6,25,9,0,0.8599470257759094,8.859999656677246,277.5,7.8734002113342285,N/A,6328,8.77750015258789,1.1780699491500854,0.31926000118255615
2019,6,25,12,0,0.8481829762458801,8.888099670410156,272.5,7.8983001708984375,N/A,5743,8.77750015258789,1.1190600395202637,0.32548001408576965
2019,6,25,15,0,0.8345000147819519,8.853300094604492,272.5,7.877500057220459,N/A,5569,8.77750015258789,1.1035699844360352,0.3316099941730499
2019,6,25,18,0,0.8162720203399658,8.589400291442871,262.5,7.619699954986572,N/A,5657,8.77750015258789,1.1298500299453735,0.3504599928855896
2019,6,25,21,0,0.8040729761123657,8.366700172424316,262.5,7.33459997177124,N/A,5500,14.136300086975098,1.1285899877548218,0.37613001465797424
2019,6,26,0,0,0.7983450293540955,8.2298002243042,257.5,6.886199951171875,N/A,5361,7.979499816894531,1.1232600212097168,0.40136000514030457
2019,6,26,3,0,0.7927359938621521,8.055100440979004,257.5,6.8267998695373535,N/A,5007,7.979499816894531,1.09784996509552,0.40876999497413635
2019,6,26,6,0,0.7918620109558105,7.993100166320801,257.5,6.742499828338623,N/A,4603,7.979499816894531,1.055709958076477,0.4202600121498108
2019,6,26,9,0,0.7953739762306213,7.9903998374938965,257.5,6.694900035858154,N/A,4231,7.979499816894531,1.0117199420928955,0.4252600073814392
2019,6,26,12,0,0.7994149923324585,8.0649995803833,257.5,6.703100204467773,N/A,3840,14.136300086975098,0.9585899710655212,0.4264500141143799
2019,6,26,15,0,0.8045470118522644,8.296600341796875,257.5,6.799200057983398,N/A,3648,14.136300086975098,0.9181699752807617,0.4325700104236603
2019,6,26,18,0,0.8108180165290833,8.568499565124512,257.5,6.9593000411987305,N/A,3635,14.136300086975098,0.8994699716567993,0.43494001030921936
2019,6,26,21,0,0.8172019720077515,8.463800430297852,257.5,6.386499881744385,N/A,3701,14.136300086975098,0.9142600297927856,0.46057000756263733
2019,6,27,0,0,0.8230360150337219,7.540599822998047,262.5,5.099100112915039,N/A,4212,12.851200103759766,1.0343199968338013,0.5633299946784973
2019,6,27,3,0,0.82389897108078,7.492599964141846,262.5,5.151299953460693,N/A,4473,12.851200103759766,1.068519949913025,0.5648099780082703
2019,6,27,6,0,0.8245469927787781,7.611800193786621,262.5,5.552499771118164,N/A,4397,12.851200103759766,1.0521899461746216,0.5307199954986572
2019,6,27,9,0,0.8224890232086182,7.5304999351501465,262.5,5.6356000900268555,N/A,4093,12.851200103759766,1.023360013961792,0.5094599723815918
2019,6,27,12,0,0.8237630128860474,7.67579984664917,267.5,5.864099979400635,N/A,4184,11.682900428771973,1.0252599716186523,0.48364999890327454
2019,6,27,15,0,0.8180450201034546,7.692200183868408,267.5,5.860799789428711,N/A,4248,11.682900428771973,1.0322400331497192,0.47668999433517456
2019,6,27,18,0,0.8078039884567261,7.7718000411987305,267.5,6.040599822998047,N/A,4152,11.682900428771973,1.0154199600219727,0.4655100107192993
2019,6,27,21,0,0.8018739819526672,7.877900123596191,262.5,6.097099781036377,N/A,4036,11.682900428771973,0.9938399791717529,0.4677799940109253
2019,6,28,0,0,0.8035069704055786,8.035300254821777,267.5,6.228600025177002,N/A,4109,11.682900428771973,0.9929100275039673,0.46404001116752625
2019,6,28,3,0,0.7995219826698303,8.088500022888184,267.5,6.427299976348877,N/A,4097,10.620800018310547,0.9890999794006348,0.4575200080871582
2019,6,28,6,0,0.7955520153045654,8.037099838256836,267.5,6.548299789428711,N/A,4333,10.620800018310547,1.0224299430847168,0.44628000259399414
2019,6,28,9,0,0.7802330255508423,7.815499782562256,267.5,6.316500186920166,N/A,4296,10.620800018310547,1.0349500179290771,0.4473100006580353
2019,6,28,12,0,0.7575950026512146,7.391900062561035,267.5,5.684999942779541,N/A,4151,10.620800018310547,1.0481799840927124,0.47613000869750977
2019,6,28,15,0,0.7283260226249695,6.958799839019775,262.5,5.30679988861084,N/A,3901,10.620800018310547,1.0487699508666992,0.500190019607544
2019,6,28,18,0,0.7159429788589478,6.853499889373779,257.5,5.232500076293945,N/A,3839,10.620800018310547,1.0487500429153442,0.5017600059509277
2019,6,28,21,0,0.7052369713783264,6.606100082397461,252.5,5.014200210571289,N/A,4069,10.620800018310547,1.1007000207901,0.5145000219345093
2019,6,29,0,0,0.6939020156860352,6.756899833679199,252.5,5.2982001304626465,N/A,4427,9.655200004577637,1.1349799633026123,0.49344000220298767
2019,6,29,3,0,0.696274995803833,7.188799858093262,252.5,5.812600135803223,N/A,4370,9.655200004577637,1.091249942779541,0.46818000078201294
2019,6,29,6,0,0.71601802110672,7.58050012588501,257.5,6.2032999992370605,N/A,4398,9.655200004577637,1.064710021018982,0.44905999302864075
2019,6,29,9,0,0.722320020198822,7.7596001625061035,257.5,6.428400039672852,N/A,4249,9.655200004577637,1.033619999885559,0.4379499852657318
2019,6,29,12,0,0.7291679978370667,7.9054999351501465,257.5,6.590400218963623,N/A,4076,9.655200004577637,1.001870036125183,0.43261000514030457
2019,6,29,15,0,0.7404980063438416,8.042400360107422,257.5,6.692200183868408,N/A,3816,7.979499816894531,0.9592099785804749,0.43452998995780945
2019,6,29,18,0,0.7513710260391235,8.190199851989746,257.5,6.763000011444092,N/A,3548,8.77750015258789,0.9141899943351746,0.4401099979877472
2019,6,29,21,0,0.7616980075836182,8.31149959564209,257.5,6.811100006103516,N/A,3337,14.136300086975098,0.8783400058746338,0.44279998540878296
2019,6,30,0,0,0.7682049870491028,8.026700019836426,257.5,6.027699947357178,N/A,3243,14.136300086975098,0.8819000124931335,0.4746600091457367
2019,6,30,3,0,0.7656480073928833,6.7093000411987305,262.5,4.575399875640869,N/A,3313,14.136300086975098,0.9789900183677673,0.58992999792099
2019,6,30,6,0,0.7740110158920288,6.5208001136779785,262.5,4.72790002822876,N/A,3296,14.136300086975098,0.9925100207328796,0.574679970741272
2019,6,30,9,0,0.777525007724762,6.600200176239014,262.5,4.895299911499023,N/A,3087,8.77750015258789,0.9548199772834778,0.5620700120925903
2019,6,30,12,0,0.7834600210189819,6.924799919128418,262.5,5.266499996185303,N/A,2824,7.2540998458862305,0.8898900151252747,0.5455300211906433
2019,6,30,15,0,0.7850940227508545,7.371699810028076,262.5,5.581600189208984,N/A,2624,7.2540998458862305,0.828819990158081,0.5365999937057495
2019,6,30,18,0,0.7887719869613647,7.887599945068359,257.5,5.9552001953125,N/A,2561,12.851200103759766,0.7894899845123291,0.5285400152206421
2019,6,30,21,0,0.7942730188369751,7.523799896240234,257.5,4.9182000160217285,N/A,2726,12.851200103759766,0.8339999914169312,0.6200799942016602
2019,7,1,0,0,0.8000479936599731,6.516900062561035,262.5,4.43310022354126,N/A,3593,12.851200103759766,1.0338799953460693,0.6948599815368652
2019,7,1,3,0,0.8019859790802002,6.7795000076293945,262.5,4.841599941253662,N/A,3690,12.851200103759766,1.0276000499725342,0.6648300290107727
2019,7,1,6,0,0.8100060224533081,7.024600028991699,262.5,5.150100231170654,N/A,3727,12.851200103759766,1.014680027961731,0.645829975605011
2019,7,1,9,0,0.8203979730606079,7.3155999183654785,262.5,5.372300148010254,N/A,3806,12.851200103759766,1.0041899681091309,0.6594200134277344
2019,7,1,12,0,0.8348770141601562,7.761899948120117,262.5,5.511300086975098,N/A,4102,12.851200103759766,1.0097999572753906,0.6916300058364868
2019,7,1,15,0,0.8504049777984619,8.222900390625,257.5,5.632699966430664,N/A,4553,22.76689910888672,1.0303000211715698,0.718280017375946
2019,7,1,18,0,0.8571199774742126,8.39430046081543,257.5,5.498899936676025,N/A,4909,22.76689910888672,1.0565199851989746,0.7339000105857849
2019,7,1,21,0,0.8547809720039368,8.072600364685059,257.5,5.03000020980835,N/A,5087,22.76689910888672,1.0957200527191162,0.7689200043678284
2019,7,2,0,0,0.8502780199050903,8.202500343322754,257.5,5.115499973297119,N/A,5343,22.76689910888672,1.1126500368118286,0.7663400173187256
2019,7,2,3,0,0.8561949729919434,8.79699993133545,257.5,5.338200092315674,N/A,5803,22.76689910888672,1.1159499883651733,0.75382000207901
2019,7,2,6,0,0.8609579801559448,9.225199699401855,257.5,5.724999904632568,N/A,6902,22.76689910888672,1.1858199834823608,0.727429986000061
2019,7,2,9,0,0.87192702293396,9.699600219726562,252.5,5.973400115966797,N/A,7646,20.697200775146484,1.2128599882125854,0.7029500007629395
2019,7,2,12,0,0.8765180110931396,9.914999961853027,252.5,6.085000038146973,N/A,7676,20.697200775146484,1.1988500356674194,0.688260018825531
2019,7,2,15,0,0.8741359710693359,9.890399932861328,252.5,6.105299949645996,N/A,7227,20.697200775146484,1.1635799407958984,0.678849995136261
2019,7,2,18,0,0.8730760216712952,10.139399528503418,247.5,6.1940999031066895,N/A,6676,20.697200775146484,1.1022700071334839,0.663100004196167
2019,7,2,21,0,0.8811879754066467,10.85260009765625,247.5,6.446800231933594,N/A,6552,20.697200775146484,1.0516599416732788,0.6334499716758728
2019,7,3,0,0,0.8940680027008057,11.836600303649902,242.5,7.03000020980835,N/A,6977,20.697200775146484,1.0343999862670898,0.5846899747848511
2019,7,3,3,0,0.9023079872131348,12.346799850463867,242.5,7.471499919891357,N/A,7632,20.697200775146484,1.055590033531189,0.5500400066375732
2019,7,3,6,0,0.9111340045928955,12.752400398254395,242.5,7.938199996948242,N/A,8000,18.81559944152832,1.0599499940872192,0.512179970741272
2019,7,3,9,0,0.9178140163421631,13.002300262451172,237.5,8.396900177001953,N/A,8033,18.81559944152832,1.0499099493026733,0.47892001271247864
2019,7,3,12,0,0.9195129871368408,12.954299926757812,237.5,8.690199851989746,N/A,7984,18.81559944152832,1.0487600564956665,0.4620499908924103
2019,7,3,15,0,0.9191470146179199,12.797300338745117,237.5,8.864500045776367,N/A,8127,18.81559944152832,1.0659099817276,0.4547100067138672
2019,7,3,18,0,0.9206309914588928,12.693099975585938,237.5,8.987899780273438,N/A,8573,18.81559944152832,1.1002399921417236,0.4500899910926819
2019,7,3,21,0,0.9222570061683655,12.564800262451172,237.5,8.808600425720215,N/A,9190,18.81559944152832,1.1453900337219238,0.45201000571250916
2019,7,4,0,0,0.919858992099762,12.076899528503418,237.5,7.939199924468994,N/A,9741,18.81559944152832,1.2033900022506714,0.4807699918746948
2019,7,4,3,0,0.9171839952468872,12.09280014038086,237.5,8.480299949645996,N/A,9841,18.81559944152832,1.2086299657821655,0.4590800106525421
2019,7,4,6,0,0.9130470156669617,11.918499946594238,237.5,8.683099746704102,N/A,9640,17.104999542236328,1.2056200504302979,0.44832998514175415
2019,7,4,9,0,0.9070510268211365,11.623200416564941,237.5,8.638199806213379,N/A,9318,17.104999542236328,1.201799988746643,0.4478999972343445
2019,7,4,12,0,0.9019920229911804,11.562100410461426,237.5,8.741600036621094,N/A,8986,17.104999542236328,1.183840036392212,0.4395500123500824
2019,7,4,15,0,0.8992390036582947,11.679300308227539,237.5,8.974599838256836,N/A,8884,17.104999542236328,1.1704000234603882,0.4275699853897095
2019,7,4,18,0,0.8996639847755432,11.866399765014648,237.5,9.172300338745117,N/A,8997,17.104999542236328,1.1668599843978882,0.4171000123023987
2019,7,4,21,0,0.9003430008888245,11.771699905395508,237.5,8.689800262451172,N/A,9244,17.104999542236328,1.18641996383667,0.4315199851989746
2019,7,5,0,0,0.8941599726676941,11.281999588012695,237.5,8.10260009765625,N/A,9641,17.104999542236328,1.2385799884796143,0.4670400023460388
2019,7,5,3,0,0.8882179856300354,11.118800163269043,237.5,7.955100059509277,N/A,9836,17.104999542236328,1.2606300115585327,0.4756399989128113
2019,7,5,6,0,0.8832250237464905,11.130800247192383,237.5,8.013899803161621,N/A,9727,17.104999542236328,1.2533400058746338,0.4702500104904175
2019,7,5,9,0,0.8748630285263062,11.078800201416016,237.5,8.083000183105469,N/A,9324,15.550000190734863,1.2313200235366821,0.46421998739242554
2019,7,5,12,0,0.8645150065422058,10.886699676513672,242.5,8.02180004119873,N/A,8710,15.550000190734863,1.2028100490570068,0.4634400010108948
2019,7,5,15,0,0.85657799243927,10.680800437927246,242.5,7.934500217437744,N/A,8144,15.550000190734863,1.176169991493225,0.4630100131034851
2019,7,5,18,0,0.8533890247344971,10.56470012664795,242.5,7.882400035858154,N/A,7835,15.550000190734863,1.1607199907302856,0.4615499973297119
2019,7,5,21,0,0.8551260232925415,10.497300148010254,242.5,7.6570000648498535,N/A,7789,15.550000190734863,1.1606700420379639,0.4658600091934204
2019,7,6,0,0,0.859604001045227,10.571700096130371,237.5,7.629799842834473,N/A,7902,15.550000190734863,1.1636500358581543,0.4644300043582916
2019,7,6,3,0,0.8647469878196716,10.80049991607666,237.5,7.9278998374938965,N/A,8088,15.550000190734863,1.1630899906158447,0.45188000798225403
2019,7,6,6,0,0.8681020140647888,10.985400199890137,237.5,8.12600040435791,N/A,8353,15.550000190734863,1.1708699464797974,0.44433000683784485
2019,7,6,9,0,0.8681790232658386,11.102700233459473,237.5,8.2475004196167,N/A,8596,15.550000190734863,1.1810799837112427,0.44207000732421875
2019,7,6,12,0,0.8658450245857239,11.217000007629395,242.5,8.382599830627441,N/A,8706,15.550000190734863,1.182770013809204,0.4396199882030487
2019,7,6,15,0,0.8619459867477417,11.32289981842041,242.5,8.53909969329834,N/A,8687,15.550000190734863,1.1764899492263794,0.4353500008583069
2019,7,6,18,0,0.8574860095977783,11.40369987487793,242.5,8.683799743652344,N/A,8603,15.550000190734863,1.167199969291687,0.4306600093841553
2019,7,6,21,0,0.8548660278320312,11.414299964904785,242.5,8.618200302124023,N/A,8537,15.550000190734863,1.1627299785614014,0.43244001269340515
2019,7,7,0,0,0.8536069989204407,11.237600326538086,242.5,8.081299781799316,N/A,8726,15.550000190734863,1.1852099895477295,0.45120999217033386
2019,7,7,3,0,0.8533909916877747,10.888999938964844,242.5,7.376999855041504,N/A,9201,15.550000190734863,1.236549973487854,0.4844299852848053
2019,7,7,6,0,0.8583739995956421,11.057900428771973,237.5,7.716400146484375,N/A,9618,15.550000190734863,1.253159999847412,0.4734399914741516
2019,7,7,9,0,0.8659200072288513,11.135100364685059,237.5,7.677499771118164,N/A,10005,15.550000190734863,1.2724100351333618,0.4737800061702728
2019,7,7,12,0,0.8718889951705933,10.821399688720703,237.5,7.452700138092041,N/A,10577,15.550000190734863,1.3285000324249268,0.4950700104236603
2019,7,7,15,0,0.8732879757881165,10.833700180053711,237.5,7.535299777984619,N/A,11029,15.550000190734863,1.3564599752426147,0.4934599995613098
2019,7,7,18,0,0.8709369897842407,11.062700271606445,237.5,7.860099792480469,N/A,11268,15.550000190734863,1.3567700386047363,0.4775199890136719
2019,7,7,21,0,0.86496901512146,11.048199653625488,237.5,8.000100135803223,N/A,11427,15.550000190734863,1.368399977684021,0.4720099866390228
2019,7,8,0,0,0.8563429713249207,10.949199676513672,237.5,8.095499992370605,N/A,11560,15.550000190734863,1.3845200538635254,0.4644399881362915
2019,7,8,3,0,0.8559439778327942,10.967399597167969,232.5,8.23900032043457,N/A,11463,15.550000190734863,1.3778200149536133,0.45379000902175903
2019,7,8,6,0,0.8612650036811829,11.053500175476074,232.5,8.378999710083008,N/A,11344,14.136300086975098,1.364799976348877,0.44637998938560486
2019,7,8,9,0,0.867484986782074,11.198800086975098,232.5,8.509499549865723,N/A,11325,14.136300086975098,1.3542499542236328,0.44475001096725464
2019,7,8,12,0,0.8744950294494629,11.36359977722168,232.5,8.617400169372559,N/A,11244,14.136300086975098,1.3391499519348145,0.44613999128341675
2019,7,8,15,0,0.875777006149292,11.402600288391113,232.5,8.666000366210938,N/A,11024,14.136300086975098,1.32437002658844,0.44547998905181885
2019,7,8,18,0,0.875432014465332,11.284500122070312,232.5,8.616499900817871,N/A,10472,14.136300086975098,1.2988799810409546,0.44429999589920044
2019,7,8,21,0,0.8735120296478271,11.081500053405762,232.5,8.411700248718262,N/A,9663,14.136300086975098,1.260849952697754,0.4421499967575073
2019,7,9,0,0,0.8732089996337891,10.912699699401855,232.5,8.258600234985352,N/A,8990,12.851200103759766,1.2272100448608398,0.4408299922943115
2019,7,9,3,0,0.8808310031890869,11.028200149536133,227.5,8.495400428771973,N/A,8608,12.851200103759766,1.1943299770355225,0.43314000964164734
2019,7,9,6,0,0.890986979007721,11.302000045776367,227.5,8.735699653625488,N/A,8451,12.851200103759766,1.1672300100326538,0.4279400110244751
2019,7,9,9,0,0.9007149934768677,11.608400344848633,227.5,8.973199844360352,N/A,8321,18.81559944152832,1.1407999992370605,0.42392998933792114
2019,7,9,12,0,0.9077370166778564,11.795999526977539,227.5,9.13029956817627,N/A,7901,18.81559944152832,1.1017500162124634,0.4197399914264679
2019,7,9,15,0,0.9123619794845581,11.838199615478516,227.5,9.188799858093262,N/A,7221,18.81559944152832,1.0509699583053589,0.4137499928474426
2019,7,9,18,0,0.915431022644043,11.543399810791016,227.5,8.347399711608887,N/A,6495,18.81559944152832,1.0099999904632568,0.43367999792099
2019,7,9,21,0,0.9194530248641968,10.48960018157959,227.5,7.124100208282471,N/A,6052,18.81559944152832,1.026110053062439,0.5001199841499329
2019,7,10,0,0,0.9245499968528748,9.590800285339355,227.5,6.799900054931641,N/A,6237,17.104999542236328,1.0963200330734253,0.5252900123596191
2019,7,10,3,0,0.937038004398346,8.649200439453125,227.5,6.562699794769287,N/A,8250,17.104999542236328,1.3449000120162964,0.5028300285339355
2019,7,10,6,0,0.9351490139961243,7.590000152587891,222.5,5.992400169372559,N/A,12565,7.979499816894531,1.7937500476837158,0.48614999651908875
2019,7,10,9,0,0.923445999622345,7.491000175476074,217.5,5.992199897766113,N/A,14171,7.979499816894531,1.9224200248718262,0.4683299958705902
2019,7,10,12,0,0.9247819781303406,7.680799961090088,212.5,6.306700229644775,N/A,16237,7.979499816894531,2.036910057067871,0.4263100028038025
2019,7,10,15,0,0.9228190183639526,7.939799785614014,212.5,6.635499954223633,N/A,19033,8.77750015258789,2.170799970626831,0.3932799994945526
2019,7,10,18,0,0.9182310104370117,8.357099533081055,212.5,7.187699794769287,N/A,19307,8.77750015258789,2.1286299228668213,0.3589000105857849
2019,7,10,21,0,0.9093719720840454,8.42490005493164,217.5,7.213399887084961,N/A,18292,8.77750015258789,2.062570095062256,0.35576000809669495
2019,7,11,0,0,0.9041150212287903,8.580599784851074,217.5,7.572500228881836,N/A,15870,8.77750015258789,1.901960015296936,0.34029000997543335
2019,7,11,3,0,0.8991389870643616,8.694499969482422,222.5,7.738999843597412,N/A,13402,8.77750015258789,1.7339099645614624,0.3381499946117401
2019,7,11,6,0,0.8968639969825745,8.728699684143066,222.5,7.77400016784668,N/A,11661,8.77750015258789,1.6120400428771973,0.34387001395225525
2019,7,11,9,0,0.8951650261878967,8.727700233459473,222.5,7.735000133514404,N/A,10356,7.979499816894531,1.5171200037002563,0.35457998514175415
2019,7,11,12,0,0.8950110077857971,8.7391996383667,227.5,7.683300018310547,N/A,9305,7.979499816894531,1.4345699548721313,0.3670499920845032
2019,7,11,15,0,0.8966959714889526,8.768099784851074,227.5,7.640100002288818,N/A,8483,15.550000190734863,1.3647300004959106,0.3787899911403656
2019,7,11,18,0,0.8986909985542297,8.800999641418457,227.5,7.595300197601318,N/A,7801,15.550000190734863,1.3035800457000732,0.3899799883365631
2019,7,11,21,0,0.8981670141220093,8.785699844360352,227.5,7.353300094604492,N/A,7250,15.550000190734863,1.2552499771118164,0.4077399969100952
2019,7,12,0,0,0.8938210010528564,8.784000396728516,227.5,7.254499912261963,N/A,6838,15.550000190734863,1.217079997062683,0.4211199879646301
2019,7,12,3,0,0.8913660049438477,8.782899856567383,227.5,7.250100135803223,N/A,6416,15.550000190734863,1.178189992904663,0.4252600073814392
2019,7,12,6,0,0.8892840147018433,8.749300003051758,232.5,7.248799800872803,N/A,6113,14.136300086975098,1.1527899503707886,0.4221700131893158
2019,7,12,9,0,0.8865249752998352,8.668000221252441,232.5,7.2006001472473145,N/A,6008,14.136300086975098,1.1494300365447998,0.4178699851036072
2019,7,12,12,0,0.8805729746818542,8.649499893188477,237.5,7.19950008392334,N/A,6081,14.136300086975098,1.1580699682235718,0.413239985704422
2019,7,12,15,0,0.8826640248298645,8.596099853515625,237.5,7.195000171661377,N/A,5946,14.136300086975098,1.150320053100586,0.4059700071811676
2019,7,12,18,0,0.8837220072746277,8.580400466918945,237.5,7.202099800109863,N/A,5749,14.136300086975098,1.1328200101852417,0.40046000480651855
2019,7,12,21,0,0.8736749887466431,8.6225004196167,237.5,6.847899913787842,N/A,5785,12.851200103759766,1.1311899423599243,0.41640999913215637
2019,7,13,0,0,0.8671759963035583,8.754799842834473,242.5,6.895400047302246,N/A,5697,12.851200103759766,1.1119099855422974,0.4187999963760376
2019,7,13,3,0,0.868736982345581,8.953900337219238,242.5,7.316100120544434,N/A,5356,12.851200103759766,1.065440058708191,0.4027799963951111
2019,7,13,6,0,0.863290011882782,9.121600151062012,242.5,7.530200004577637,N/A,5213,11.682900428771973,1.0408200025558472,0.396369993686676
2019,7,13,9,0,0.857574999332428,9.215800285339355,242.5,7.608399868011475,N/A,4976,11.682900428771973,1.0112299919128418,0.39691999554634094
2019,7,13,12,0,0.8538269996643066,9.250900268554688,242.5,7.61329984664917,N/A,4675,11.682900428771973,0.9784799814224243,0.4003700017929077
2019,7,13,15,0,0.849141001701355,9.275899887084961,247.5,7.638899803161621,N/A,4499,11.682900428771973,0.9597600102424622,0.397489994764328
2019,7,13,18,0,0.8465080261230469,9.174200057983398,247.5,7.565400123596191,N/A,4139,10.620800018310547,0.9278799891471863,0.3994300067424774
2019,7,13,21,0,0.8447520136833191,8.933199882507324,247.5,6.887599945068359,N/A,4011,10.620800018310547,0.9278500080108643,0.42577001452445984
2019,7,14,0,0,0.8460320234298706,9.05459976196289,247.5,7.153200149536133,N/A,3999,10.620800018310547,0.9205399751663208,0.42737001180648804
2019,7,14,3,0,0.8502320051193237,9.264699935913086,247.5,7.500500202178955,N/A,4107,10.620800018310547,0.9217900037765503,0.43261998891830444
2019,7,14,6,0,0.8543999791145325,9.369999885559082,247.5,7.599400043487549,N/A,4195,10.620800018310547,0.926069974899292,0.44762998819351196
2019,7,14,9,0,0.8571450114250183,9.364500045776367,247.5,7.514999866485596,N/A,4208,10.620800018310547,0.9273599982261658,0.46685001254081726
2019,7,14,12,0,0.858834981918335,9.273799896240234,247.5,7.308199882507324,N/A,4197,9.655200004577637,0.9302200078964233,0.4888100028038025
2019,7,14,15,0,0.8593530058860779,9.32409954071045,247.5,7.192500114440918,N/A,4196,9.655200004577637,0.9260500073432922,0.5056700110435486
2019,7,14,18,0,0.8619440197944641,9.616499900817871,242.5,7.23360013961792,N/A,4233,20.697200775146484,0.9127100110054016,0.518339991569519
2019,7,14,21,0,0.8660969734191895,10.020000457763672,242.5,7.204699993133545,N/A,4422,20.697200775146484,0.9103599786758423,0.5258399844169617
2019,7,15,0,0,0.8700460195541382,10.370800018310547,242.5,7.16949987411499,N/A,4567,20.697200775146484,0.9061999917030334,0.5313500165939331
2019,7,15,3,0,0.8731499910354614,10.8056001663208,237.5,7.639800071716309,N/A,4521,18.81559944152832,0.8808199763298035,0.5156300067901611
2019,7,15,6,0,0.8767380118370056,11.041799545288086,237.5,7.894400119781494,N/A,4372,18.81559944152832,0.8552899956703186,0.5074599981307983
2019,7,15,9,0,0.881659984588623,10.762700080871582,237.5,7.219699859619141,N/A,4339,18.81559944152832,0.8625199794769287,0.5379599928855896
2019,7,15,12,0,0.8900160193443298,10.499500274658203,237.5,7.070899963378906,N/A,4539,18.81559944152832,0.893310010433197,0.5601199865341187
2019,7,15,15,0,0.897629976272583,10.50790023803711,237.5,7.140399932861328,N/A,4820,18.81559944152832,0.9197499752044678,0.5670499801635742
2019,7,15,18,0,0.9013770222663879,10.614399909973145,237.5,6.9741997718811035,N/A,5024,18.81559944152832,0.9328500032424927,0.5748599767684937
2019,7,15,21,0,0.8971970081329346,9.777299880981445,237.5,5.583000183105469,N/A,5329,18.81559944152832,1.0006799697875977,0.6551300287246704
2019,7,16,0,0,0.8914629817008972,9.59570026397705,237.5,5.410699844360352,N/A,5628,17.104999542236328,1.0363800525665283,0.6747699975967407
2019,7,16,3,0,0.8960440158843994,10.168600082397461,237.5,5.735599994659424,N/A,5891,17.104999542236328,1.0262700319290161,0.6483200192451477
2019,7,16,6,0,0.9091330170631409,11.096199989318848,237.5,6.478700160980225,N/A,6359,17.104999542236328,1.016700029373169,0.6011000275611877
2019,7,16,9,0,0.9212489724159241,12.050600051879883,237.5,7.22629976272583,N/A,6840,17.104999542236328,1.0085099935531616,0.5521000027656555
2019,7,16,12,0,0.926941990852356,12.71030044555664,237.5,7.8927998542785645,N/A,7000,20.697200775146484,0.9914600253105164,0.5112299919128418
2019,7,16,15,0,0.9269390106201172,12.979299545288086,237.5,8.357199668884277,N/A,6791,20.697200775146484,0.965690016746521,0.4840100109577179
2019,7,16,18,0,0.9252480268478394,13.078200340270996,237.5,8.723199844360352,N/A,6580,20.697200775146484,0.9465299844741821,0.4621799886226654
2019,7,16,21,0,0.9247549772262573,12.613800048828125,237.5,7.519499778747559,N/A,6958,18.81559944152832,0.9909499883651733,0.49373000860214233
2019,7,17,0,0,0.9249119758605957,12.654999732971191,237.5,7.753499984741211,N/A,7956,18.81559944152832,1.0571999549865723,0.48530998826026917
2019,7,17,3,0,0.9260510206222534,13.040800094604492,237.5,8.847000122070312,N/A,9094,18.81559944152832,1.112879991531372,0.443450003862381
2019,7,17,6,0,0.9238709807395935,12.880399703979492,237.5,8.847599983215332,N/A,9997,18.81559944152832,1.1751400232315063,0.43876001238822937
2019,7,17,9,0,0.9151520133018494,11.256799697875977,237.5,6.622099876403809,N/A,10901,18.81559944152832,1.3177499771118164,0.5443900227546692
2019,7,17,12,0,0.8928269743919373,7.747900009155273,232.5,5.316100120544434,N/A,16590,18.81559944152832,2.0055301189422607,0.6548799872398376
2019,7,17,15,0,0.8851029872894287,8.0516996383667,237.5,6.311100006103516,N/A,20364,6.594600200653076,2.1970300674438477,0.5356600284576416
2019,7,17,18,0,0.8833249807357788,8.474900245666504,237.5,6.598499774932861,N/A,18248,17.104999542236328,2.0190000534057617,0.5253700017929077
2019,7,17,21,0,0.8838899731636047,8.861000061035156,237.5,6.857600212097168,N/A,16820,17.104999542236328,1.8879799842834473,0.5181599855422974
2019,7,18,0,0,0.8773040175437927,9.035599708557129,237.5,7.0131001472473145,N/A,16595,17.104999542236328,1.8546899557113647,0.5095700025558472
2019,7,18,3,0,0.8641719818115234,8.554900169372559,247.5,6.5329999923706055,N/A,18228,17.104999542236328,2.0053699016571045,0.523639976978302
2019,7,18,6,0,0.8574339747428894,8.366299629211426,252.5,6.656799793243408,N/A,21581,17.104999542236328,2.218899965286255,0.4901700019836426
2019,7,18,9,0,0.8623780012130737,8.586600303649902,257.5,7.029399871826172,N/A,23030,17.104999542236328,2.2663800716400146,0.4524799883365631
2019,7,18,12,0,0.8680880069732666,8.775300025939941,257.5,7.213900089263916,N/A,23758,17.104999542236328,2.2776100635528564,0.4302999973297119
2019,7,18,15,0,0.8669099807739258,8.56089973449707,257.5,6.973800182342529,N/A,25401,8.77750015258789,2.38850998878479,0.43048998713493347
2019,7,18,18,0,0.8692700266838074,8.710100173950195,262.5,7.261300086975098,N/A,25975,8.77750015258789,2.395829916000366,0.4032900035381317
2019,7,18,21,0,0.8712159991264343,8.831399917602539,262.5,7.228600025177002,N/A,24380,9.655200004577637,2.3027400970458984,0.399619996547699
2019,7,19,0,0,0.870639979839325,8.785799980163574,262.5,7.134399890899658,N/A,23117,9.655200004577637,2.2486000061035156,0.40042999386787415
2019,7,19,3,0,0.86701899766922,8.54010009765625,262.5,6.910900115966797,N/A,22349,9.655200004577637,2.2458300590515137,0.4095599949359894
2019,7,19,6,0,0.8692790269851685,8.644000053405762,267.5,7.228300094604492,N/A,21211,9.655200004577637,2.1762800216674805,0.3874399960041046
2019,7,19,9,0,0.8697199821472168,8.813300132751465,267.5,7.521900177001953,N/A,19103,9.655200004577637,2.0444700717926025,0.37174999713897705
2019,7,19,12,0,0.868058979511261,8.978899955749512,262.5,7.753300189971924,N/A,17356,8.77750015258789,1.9289799928665161,0.3610999882221222
2019,7,19,15,0,0.8653939962387085,9.078200340270996,262.5,7.879700183868408,N/A,15906,8.77750015258789,1.8351099491119385,0.3552500009536743
2019,7,19,18,0,0.8636190295219421,9.182499885559082,262.5,7.9899001121521,N/A,14502,8.77750015258789,1.7405099868774414,0.3506599962711334
2019,7,19,21,0,0.8631569743156433,9.171199798583984,262.5,7.81689977645874,N/A,13832,8.77750015258789,1.7007499933242798,0.3533099889755249
2019,7,20,0,0,0.8614910244941711,8.79010009765625,267.5,6.969699859619141,N/A,13902,8.77750015258789,1.7434200048446655,0.39313000440597534
2019,7,20,3,0,0.8606259822845459,8.721799850463867,267.5,6.961100101470947,N/A,13595,8.77750015258789,1.7317099571228027,0.3938399851322174
2019,7,20,6,0,0.8626880049705505,8.706299781799316,267.5,7.168399810791016,N/A,13291,8.77750015258789,1.7152899503707886,0.3821299970149994
2019,7,20,9,0,0.8650889992713928,8.611599922180176,267.5,7.192699909210205,N/A,12812,8.77750015258789,1.6954400539398193,0.3784700036048889
2019,7,20,12,0,0.8674889802932739,8.605600357055664,267.5,7.343299865722656,N/A,11904,8.77750015258789,1.636139988899231,0.3688400089740753
2019,7,20,15,0,0.8694790005683899,8.69320011138916,267.5,7.506999969482422,N/A,11118,8.77750015258789,1.5740400552749634,0.3553299903869629
2019,7,20,18,0,0.8667160272598267,8.745800018310547,267.5,7.564799785614014,N/A,9847,8.77750015258789,1.4767800569534302,0.3509399890899658
2019,7,20,21,0,0.8657529950141907,8.016500473022461,267.5,6.092899799346924,N/A,9382,8.77750015258789,1.5078699588775635,0.4329400062561035
2019,7,21,0,0,0.8662449717521667,7.240900039672852,272.5,5.63700008392334,N/A,10730,8.77750015258789,1.7048200368881226,0.45372000336647034
2019,7,21,3,0,0.867480993270874,7.59660005569458,272.5,6.187900066375732,N/A,9873,8.77750015258789,1.5959500074386597,0.4115599989891052
2019,7,21,6,0,0.8672760128974915,7.971099853515625,272.5,6.631700038909912,N/A,8776,8.77750015258789,1.466189980506897,0.38791000843048096
2019,7,21,9,0,0.8643860220909119,8.094200134277344,267.5,6.697500228881836,N/A,8086,8.77750015258789,1.3946000337600708,0.3895699977874756
2019,7,21,12,0,0.860372006893158,8.200400352478027,267.5,6.846199989318848,N/A,7491,8.77750015258789,1.3317099809646606,0.38857001066207886
2019,7,21,15,0,0.8541629910469055,8.38129997253418,267.5,6.990799903869629,N/A,6729,8.77750015258789,1.245859980583191,0.38839998841285706
2019,7,21,18,0,0.8523589968681335,8.474699974060059,262.5,6.960700035095215,N/A,6059,8.77750015258789,1.1740800142288208,0.39445000886917114
2019,7,21,21,0,0.8525199890136719,7.825699806213379,262.5,5.786300182342529,N/A,5847,8.77750015258789,1.2023600339889526,0.46445000171661377
2019,7,22,0,0,0.8490700125694275,6.933700084686279,267.5,5.125699996948242,N/A,6092,8.77750015258789,1.3094799518585205,0.515500009059906
2019,7,22,3,0,0.8494920134544373,7.168600082397461,267.5,5.588200092315674,N/A,5493,8.77750015258789,1.2236000299453735,0.477620005607605
2019,7,22,6,0,0.8532249927520752,7.289299964904785,267.5,5.732999801635742,N/A,4873,7.979499816894531,1.143180012702942,0.46560001373291016
2019,7,22,9,0,0.8521329760551453,7.389599800109863,267.5,5.866499900817871,N/A,4336,7.979499816894531,1.0704699754714966,0.45917001366615295
2019,7,22,12,0,0.845425009727478,7.583000183105469,262.5,6.029300212860107,N/A,3811,7.979499816894531,0.9892799854278564,0.4507800042629242
2019,7,22,15,0,0.8408390283584595,7.893099784851074,257.5,6.262700080871582,N/A,3381,7.979499816894531,0.9109399914741516,0.4403199851512909
2019,7,22,18,0,0.8407089710235596,8.109000205993652,257.5,6.322700023651123,N/A,3155,12.851200103759766,0.8665199875831604,0.434579998254776
2019,7,22,21,0,0.8451769948005676,7.2600998878479,252.5,4.961100101470947,N/A,3252,12.851200103759766,0.9308800101280212,0.5331000089645386
2019,7,23,0,0,0.8470669984817505,7.389200210571289,252.5,5.276800155639648,N/A,3135,12.851200103759766,0.9053900241851807,0.5142800211906433
2019,7,23,3,0,0.8577510118484497,7.1996002197265625,252.5,5.418900012969971,N/A,3296,12.851200103759766,0.9425699710845947,0.5005699992179871
2019,7,23,6,0,0.866795003414154,7.057199954986572,252.5,5.462100028991699,N/A,3512,12.851200103759766,0.9850800037384033,0.4896300137042999
2019,7,23,9,0,0.8787810206413269,7.089900016784668,252.5,5.506400108337402,N/A,3701,7.979499816894531,1.0104399919509888,0.4826500117778778
2019,7,23,12,0,0.8931859731674194,7.101799964904785,257.5,5.774700164794922,N/A,4261,7.979499816894531,1.0863100290298462,0.44909000396728516
2019,7,23,15,0,0.897773027420044,7.149600028991699,257.5,5.957499980926514,N/A,4487,7.2540998458862305,1.1124399900436401,0.4295699894428253
2019,7,23,18,0,0.8916969895362854,7.1402997970581055,257.5,5.901899814605713,N/A,4235,7.2540998458862305,1.0810999870300293,0.43893998861312866
2019,7,23,21,0,0.8772510290145874,6.254000186920166,262.5,4.742599964141846,N/A,4350,7.2540998458862305,1.1731699705123901,0.5263100266456604
2019,7,24,0,0,0.8584219813346863,6.202600002288818,267.5,4.889900207519531,N/A,4327,6.594600200653076,1.1757700443267822,0.5053799748420715
2019,7,24,3,0,0.8458470106124878,6.26170015335083,267.5,5.03439998626709,N/A,4034,5.995100021362305,1.1294000148773193,0.4927000105381012
2019,7,24,6,0,0.8341619968414307,6.429299831390381,267.5,5.274600028991699,N/A,3743,5.995100021362305,1.0723799467086792,0.47867000102996826
2019,7,24,9,0,0.8241329789161682,6.564700126647949,267.5,5.305200099945068,N/A,3333,5.450099945068359,0.9985899925231934,0.49917998909950256
2019,7,24,12,0,0.8185909986495972,6.804100036621094,262.5,5.381400108337402,N/A,3052,5.450099945068359,0.9350799918174744,0.5216299891471863
2019,7,24,15,0,0.8202049732208252,7.193699836730957,257.5,5.521100044250488,N/A,2825,17.104999542236328,0.8706499934196472,0.5429099798202515
2019,7,24,18,0,0.8271470069885254,7.5578999519348145,252.5,5.686600208282471,N/A,2750,17.104999542236328,0.8347499966621399,0.5544999837875366
2019,7,24,21,0,0.8368840217590332,7.739200115203857,252.5,5.705999851226807,N/A,2788,17.104999542236328,0.8289200067520142,0.5648499727249146
2019,7,25,0,0,0.8416759967803955,7.8709001541137695,247.5,5.7322001457214355,N/A,2839,15.550000190734863,0.828220009803772,0.5695899724960327
2019,7,25,3,0,0.8349930047988892,8.086199760437012,247.5,5.845699787139893,N/A,2875,15.550000190734863,0.8209699988365173,0.560670018196106
2019,7,25,6,0,0.8197609782218933,8.319499969482422,247.5,6.13040018081665,N/A,2935,15.550000190734863,0.8166999816894531,0.5377100110054016
2019,7,25,9,0,0.8069900274276733,8.49269962310791,247.5,6.362199783325195,N/A,2921,15.550000190734863,0.8052399754524231,0.5188500285148621
2019,7,25,12,0,0.8072929978370667,8.628700256347656,242.5,6.473199844360352,N/A,2810,15.550000190734863,0.7816299796104431,0.512660026550293
2019,7,25,15,0,0.8388800024986267,8.435400009155273,247.5,6.626999855041504,N/A,3288,15.550000190734863,0.8595200181007385,0.4839400053024292
2019,7,25,18,0,0.8954859972000122,8.11709976196289,257.5,7.070700168609619,N/A,6087,8.77750015258789,1.2104899883270264,0.3786199986934662
2019,7,25,21,0,0.918088972568512,8.13759994506836,257.5,7.2758002281188965,N/A,8026,8.77750015258789,1.393470048904419,0.3417600095272064
2019,7,26,0,0,0.9266449809074402,8.176199913024902,252.5,7.130000114440918,N/A,8119,8.77750015258789,1.3969299793243408,0.35635998845100403
2019,7,26,3,0,0.929000973701477,8.256199836730957,252.5,7.072299957275391,N/A,8000,8.77750015258789,1.376960039138794,0.3755800127983093
2019,7,26,6,0,0.9287530183792114,8.50790023803711,247.5,7.425000190734863,N/A,7952,8.77750015258789,1.3490899801254272,0.37042000889778137
2019,7,26,9,0,0.9279400110244751,8.668800354003906,247.5,7.61460018157959,N/A,8011,8.77750015258789,1.339769959449768,0.3617500066757202
2019,7,26,12,0,0.926833987236023,8.73330020904541,247.5,7.709700107574463,N/A,7948,8.77750015258789,1.3295300006866455,0.3506999909877777
2019,7,26,15,0,0.9246469736099243,8.757499694824219,247.5,7.749000072479248,N/A,7789,8.77750015258789,1.3142999410629272,0.34470999240875244
2019,7,26,18,0,0.9196770191192627,8.83080005645752,247.5,7.794899940490723,N/A,7645,8.77750015258789,1.2951500415802002,0.34700000286102295
2019,7,26,21,0,0.9119070172309875,8.909000396728516,247.5,7.611800193786621,N/A,7586,8.77750015258789,1.2816799879074097,0.3617100119590759
2019,7,27,0,0,0.9016680121421814,8.39009952545166,247.5,6.440299987792969,N/A,7967,8.77750015258789,1.352869987487793,0.4328700006008148
2019,7,27,3,0,0.8917359709739685,7.67080020904541,247.5,5.929500102996826,N/A,9570,8.77750015258789,1.5568499565124512,0.461760014295578
2019,7,27,6,0,0.8939970135688782,7.987500190734863,252.5,6.559500217437744,N/A,10311,8.77750015258789,1.5848400592803955,0.4130899906158447
2019,7,27,9,0,0.8928430080413818,7.861999988555908,252.5,6.374100208282471,N/A,10914,8.77750015258789,1.6438100337982178,0.4244399964809418
2019,7,27,12,0,0.8891270160675049,8.040499687194824,252.5,6.685200214385986,N/A,11238,8.77750015258789,1.647860050201416,0.4091799855232239
2019,7,27,15,0,0.8837820291519165,8.297499656677246,252.5,6.8917999267578125,N/A,10750,8.77750015258789,1.5827399492263794,0.4056999981403351
2019,7,27,18,0,0.8777859807014465,8.504199981689453,252.5,7.044400215148926,N/A,9913,8.77750015258789,1.498110055923462,0.4039599895477295
2019,7,27,21,0,0.8735319972038269,8.65880012512207,252.5,7.005300045013428,N/A,9878,8.77750015258789,1.480780005455017,0.40128999948501587
2019,7,28,0,0,0.8665559887886047,8.5423002243042,252.5,6.766600131988525,N/A,10147,8.77750015258789,1.5123599767684937,0.4088999927043915
2019,7,28,3,0,0.8568249940872192,8.206000328063965,252.5,6.437699794769287,N/A,10155,8.77750015258789,1.545609951019287,0.43031999468803406
2019,7,28,6,0,0.8506090044975281,7.879300117492676,257.5,6.335100173950195,N/A,10546,8.77750015258789,1.6108900308609009,0.4329499900341034
2019,7,28,9,0,0.8451340198516846,7.723299980163574,257.5,6.300000190734863,N/A,10430,8.77750015258789,1.6200400590896606,0.4303399920463562
2019,7,28,12,0,0.8458049893379211,7.757900238037109,257.5,6.496799945831299,N/A,10136,7.2540998458862305,1.5939899682998657,0.4155699908733368
2019,7,28,15,0,0.8475930094718933,7.870999813079834,257.5,6.751999855041504,N/A,10086,7.2540998458862305,1.5794800519943237,0.3941900134086609
2019,7,28,18,0,0.8401370048522949,7.920599937438965,257.5,6.68179988861084,N/A,9084,7.2540998458862305,1.4921599626541138,0.40338999032974243
2019,7,28,21,0,0.8373519778251648,7.547800064086914,257.5,6.037600040435791,N/A,9100,7.2540998458862305,1.5317800045013428,0.43786001205444336
2019,7,29,0,0,0.8313030004501343,6.96750020980835,262.5,5.600100040435791,N/A,10592,7.2540998458862305,1.7272499799728394,0.45142000913619995
2019,7,29,3,0,0.8417779803276062,7.282800197601318,267.5,6.214900016784668,N/A,12100,7.2540998458862305,1.811110019683838,0.38402000069618225
2019,7,29,6,0,0.8548439741134644,7.626999855041504,272.5,6.728799819946289,N/A,12768,7.979499816894531,1.8204400539398193,0.3380799889564514
2019,7,29,9,0,0.8612650036811829,7.749300003051758,277.5,6.954899787902832,N/A,13026,7.979499816894531,1.8259299993515015,0.31582000851631165
2019,7,29,12,0,0.8666710257530212,7.683800220489502,277.5,6.924499988555908,N/A,11972,7.979499816894531,1.759179949760437,0.3123199939727783
2019,7,29,15,0,0.8702620267868042,7.6645002365112305,277.5,6.9394001960754395,N/A,11040,7.979499816894531,1.6916099786758423,0.31014999747276306
2019,7,29,18,0,0.8477270007133484,7.575799942016602,277.5,6.774799823760986,N/A,8269,7.2540998458862305,1.4694199562072754,0.33656999468803406
2019,7,29,21,0,0.8389000296592712,7.566299915313721,272.5,6.488999843597412,N/A,7168,7.2540998458862305,1.3663400411605835,0.36730000376701355
2019,7,30,0,0,0.8534470200538635,7.35830020904541,277.5,6.201300144195557,N/A,8145,7.2540998458862305,1.4796500205993652,0.377920001745224
2019,7,30,3,0,0.8700730204582214,7.276700019836426,277.5,6.356500148773193,N/A,10418,7.2540998458862305,1.6881599426269531,0.3442800045013428
2019,7,30,6,0,0.8710659742355347,7.3394999504089355,282.5,6.506899833679199,N/A,11234,7.2540998458862305,1.7469799518585205,0.32594001293182373
2019,7,30,9,0,0.8570809960365295,7.222400188446045,282.5,6.382900238037109,N/A,10214,7.2540998458862305,1.6781400442123413,0.33956000208854675
2019,7,30,12,0,0.8263710141181946,7.26039981842041,282.5,6.3557000160217285,N/A,7841,6.594600200653076,1.4624899625778198,0.3635300099849701
2019,7,30,15,0,0.8016759753227234,7.497600078582764,277.5,6.383900165557861,N/A,6157,8.77750015258789,1.2703100442886353,0.39087000489234924
2019,7,30,18,0,0.7852870225906372,7.768899917602539,272.5,6.45389986038208,N/A,5117,8.77750015258789,1.1344000101089478,0.40290001034736633
2019,7,30,21,0,0.775609016418457,7.682700157165527,267.5,5.789599895477295,N/A,4559,8.77750015258789,1.0750800371170044,0.4508399963378906
2019,7,31,0,0,0.7914199829101562,7.636099815368652,262.5,6.014200210571289,N/A,4699,8.77750015258789,1.0951199531555176,0.44350001215934753
2019,7,31,3,0,0.8323010206222534,7.674600124359131,262.5,6.506800174713135,N/A,6162,8.77750015258789,1.2570799589157104,0.38152000308036804
2019,7,31,6,0,0.8509969711303711,7.874899864196777,267.5,6.95989990234375,N/A,7390,7.979499816894531,1.362720012664795,0.3316900134086609
2019,7,31,9,0,0.8488759994506836,7.968800067901611,262.5,7.105000019073486,N/A,7059,7.979499816894531,1.3239599466323853,0.32315999269485474
2019,7,31,12,0,0.8410469889640808,8.0201997756958,262.5,7.137899875640869,N/A,6342,7.979499816894531,1.2498600482940674,0.3300899863243103
2019,7,31,15,0,0.8360249996185303,8.075300216674805,262.5,7.160699844360352,N/A,5780,7.979499816894531,1.1880199909210205,0.338809996843338
2019,7,31,18,0,0.8346049785614014,8.097399711608887,262.5,7.178699970245361,N/A,5468,7.979499816894531,1.1535300016403198,0.3411799967288971
2019,7,31,21,0,0.8394089937210083,7.999899864196777,262.5,6.9257001876831055,N/A,5318,7.979499816894531,1.1450999975204468,0.34964999556541443
2019,8,1,0,0,0.842814028263092,7.9710001945495605,262.5,6.970300197601318,N/A,5111,7.979499816894531,1.1247899532318115,0.3475100100040436
2019,8,1,3,0,0.8427609801292419,7.957600116729736,262.5,7.00540018081665,N/A,4764,7.979499816894531,1.0867999792099,0.348470002412796
2019,8,1,6,0,0.8388389945030212,7.945099830627441,262.5,6.952700138092041,N/A,4423,7.979499816894531,1.0473899841308594,0.3569999933242798
2019,8,1,9,0,0.8342949748039246,7.986499786376953,262.5,6.950300216674805,N/A,4124,7.979499816894531,1.0075700283050537,0.3666499853134155
2019,8,1,12,0,0.8287429809570312,8.014399528503418,262.5,6.762599945068359,N/A,3898,7.979499816894531,0.9766499996185303,0.3856300115585327
2019,8,1,15,0,0.7966359853744507,6.8460001945495605,257.5,4.917699813842773,N/A,4080,7.979499816894531,1.082919955253601,0.5203199982643127
2019,8,1,18,0,0.757597029209137,6.035399913787842,237.5,4.760700225830078,N/A,5368,7.979499816894531,1.3304100036621094,0.4973500072956085
2019,8,1,21,0,0.8292199969291687,5.998199939727783,207.5,5.070099830627441,N/A,9998,7.2540998458862305,1.8332699537277222,0.3894999921321869
2019,8,2,0,0,0.8822060227394104,6.729599952697754,207.5,5.896599769592285,N/A,16926,7.979499816894531,2.254189968109131,0.31870999932289124
2019,8,2,3,0,0.8840060234069824,6.939000129699707,212.5,6.053699970245361,N/A,15282,7.979499816894531,2.107830047607422,0.31735000014305115
2019,8,2,6,0,0.8920120000839233,6.821400165557861,212.5,5.948599815368652,N/A,15237,7.979499816894531,2.1233201026916504,0.31964001059532166
2019,8,2,9,0,0.8858799934387207,6.575200080871582,207.5,5.729499816894531,N/A,13520,7.2540998458862305,2.0375399589538574,0.32945001125335693
2019,8,2,12,0,0.8786789774894714,6.665500164031982,207.5,5.881499767303467,N/A,10576,7.2540998458862305,1.7878799438476562,0.32809001207351685
2019,8,2,15,0,0.8543239831924438,6.829500198364258,212.5,6.106400012969971,N/A,8481,7.2540998458862305,1.5792900323867798,0.3306199908256531
2019,8,2,18,0,0.7988579869270325,6.910699844360352,227.5,6.325699806213379,N/A,8550,7.2540998458862305,1.5763499736785889,0.3109000027179718
2019,8,2,21,0,0.7605599761009216,7.053999900817871,247.5,6.545899868011475,N/A,9170,7.2540998458862305,1.6166599988937378,0.2888599932193756
2019,8,3,0,0,0.7422090172767639,7.1458001136779785,257.5,6.643099784851074,N/A,8647,7.2540998458862305,1.559630036354065,0.2841300070285797
2019,8,3,3,0,0.730650007724762,6.978799819946289,257.5,6.32919979095459,N/A,6652,7.2540998458862305,1.3828200101852417,0.3170599937438965
2019,8,3,6,0,0.7327439785003662,6.747200012207031,252.5,5.912499904632568,N/A,5090,6.594600200653076,1.2284599542617798,0.36388999223709106
2019,8,3,9,0,0.7464820146560669,6.64769983291626,252.5,5.769899845123291,N/A,4266,6.594600200653076,1.1315699815750122,0.3894599974155426
2019,8,3,12,0,0.7597699761390686,6.676300048828125,252.5,5.829899787902832,N/A,4001,6.594600200653076,1.0929299592971802,0.3893600106239319
2019,8,3,15,0,0.76637202501297,6.848700046539307,257.5,6.006400108337402,N/A,4034,6.594600200653076,1.0833899974822998,0.376800000667572
2019,8,3,18,0,0.7770119905471802,6.97790002822876,262.5,6.114500045776367,N/A,4136,6.594600200653076,1.0866899490356445,0.3704800009727478
2019,8,3,21,0,0.788320004940033,6.271599769592285,267.5,4.931099891662598,N/A,4497,7.2540998458862305,1.1962499618530273,0.46380001306533813
2019,8,4,0,0,0.8166229724884033,5.874300003051758,277.5,4.854100227355957,N/A,6155,6.594600200653076,1.4495899677276611,0.4409399926662445
2019,8,4,3,0,0.8290179967880249,6.222400188446045,282.5,5.228899955749512,N/A,6211,6.594600200653076,1.4141099452972412,0.4175800085067749
2019,8,4,6,0,0.8340650200843811,6.577499866485596,282.5,5.610899925231934,N/A,5614,7.2540998458862305,1.3059300184249878,0.4035300016403198
2019,8,4,9,0,0.8280519843101501,6.8125,277.5,5.877299785614014,N/A,4853,7.2540998458862305,1.1909199953079224,0.4039199948310852
2019,8,4,12,0,0.8179739713668823,6.9664998054504395,277.5,5.987299919128418,N/A,4254,7.2540998458862305,1.1002700328826904,0.41527000069618225
2019,8,4,15,0,0.8186609745025635,7.111400127410889,272.5,6.130499839782715,N/A,4125,7.2540998458862305,1.071310043334961,0.4127500057220459
2019,8,4,18,0,0.8281130194664001,7.247600078582764,272.5,6.304200172424316,N/A,4324,7.2540998458862305,1.0863800048828125,0.40338999032974243
2019,8,4,21,0,0.8291879892349243,7.264200210571289,272.5,6.123600006103516,N/A,4334,6.594600200653076,1.0853099822998047,0.42487001419067383
2019,8,5,0,0,0.8324649930000305,6.5055999755859375,272.5,5.02869987487793,N/A,4907,6.594600200653076,1.2214699983596802,0.5111200213432312
2019,8,5,3,0,0.8296930193901062,6.765999794006348,272.5,5.520599842071533,N/A,5102,6.594600200653076,1.220229983329773,0.4795700013637543
2019,8,5,6,0,0.8187239766120911,7.064000129699707,272.5,5.758299827575684,N/A,4648,6.594600200653076,1.1370500326156616,0.4807800054550171
2019,8,5,9,0,0.8098390102386475,7.209700107574463,267.5,5.825399875640869,N/A,4328,6.594600200653076,1.0838700532913208,0.49035000801086426
2019,8,5,12,0,0.8076840043067932,7.269700050354004,267.5,5.852099895477295,N/A,4287,6.594600200653076,1.0735700130462646,0.4891200065612793
2019,8,5,15,0,0.8080319762229919,7.377399921417236,267.5,6.016200065612793,N/A,4502,6.594600200653076,1.0919100046157837,0.47683000564575195
2019,8,5,18,0,0.809677004814148,7.48360013961792,267.5,6.1743998527526855,N/A,4854,6.594600200653076,1.1255600452423096,0.4692699909210205
2019,8,5,21,0,0.8083829879760742,7.407700061798096,267.5,5.80649995803833,N/A,5025,6.594600200653076,1.1505399942398071,0.4978100061416626
2019,8,6,0,0,0.8007450103759766,7.322500228881836,262.5,5.592400074005127,N/A,4926,6.594600200653076,1.1440600156784058,0.5312399864196777
2019,8,6,3,0,0.7941539883613586,7.588200092315674,262.5,5.912700176239014,N/A,4687,6.594600200653076,1.094099998474121,0.5241000056266785
2019,8,6,6,0,0.7880820035934448,7.7565999031066895,262.5,6.056000232696533,N/A,4537,6.594600200653076,1.062600016593933,0.5250999927520752
2019,8,6,9,0,0.7838199734687805,7.880799770355225,257.5,6.104400157928467,N/A,4509,18.81559944152832,1.0485299825668335,0.5328099727630615
2019,8,6,12,0,0.7801399827003479,8.054900169372559,257.5,6.151500225067139,N/A,4495,18.81559944152832,1.032670021057129,0.5429199934005737
2019,8,6,15,0,0.7790369987487793,8.268699645996094,252.5,6.219799995422363,N/A,4561,18.81559944152832,1.0237200260162354,0.5533599853515625
2019,8,6,18,0,0.778922975063324,8.484999656677246,252.5,6.326099872589111,N/A,4762,18.81559944152832,1.030269980430603,0.5573199987411499
2019,8,6,21,0,0.7788900136947632,8.243399620056152,257.5,5.6855998039245605,N/A,5034,18.81559944152832,1.074679970741272,0.5936800241470337
2019,8,7,0,0,0.7758600115776062,8.543000221252441,257.5,6.0391998291015625,N/A,5098,18.81559944152832,1.060789942741394,0.5766000151634216
2019,8,7,3,0,0.772121012210846,8.97700023651123,252.5,6.521500110626221,N/A,5199,18.81559944152832,1.0426299571990967,0.5487499833106995
2019,8,7,6,0,0.7690770030021667,9.344799995422363,252.5,6.875999927520752,N/A,5418,17.104999542236328,1.0407999753952026,0.5235000252723694
2019,8,7,9,0,0.7664769887924194,9.623800277709961,252.5,7.131199836730957,N/A,5716,17.104999542236328,1.0512800216674805,0.5037299990653992
2019,8,7,12,0,0.7641519904136658,9.727899551391602,252.5,7.26669979095459,N/A,6041,17.104999542236328,1.0745600461959839,0.49257001280784607
2019,8,7,15,0,0.7620109915733337,9.687999725341797,252.5,7.311800003051758,N/A,6325,17.104999542236328,1.1034400463104248,0.48730000853538513
2019,8,7,18,0,0.7630079984664917,9.666099548339844,257.5,7.352099895477295,N/A,6450,17.104999542236328,1.1163899898529053,0.48844000697135925
2019,8,7,21,0,0.7669050097465515,9.731399536132812,257.5,7.155300140380859,N/A,6550,17.104999542236328,1.1203900575637817,0.4959000051021576
2019,8,8,0,0,0.7709490060806274,10.020400047302246,257.5,7.560299873352051,N/A,6705,17.104999542236328,1.1161199808120728,0.47429999709129333
2019,8,8,3,0,0.7705479860305786,10.250399589538574,252.5,7.741300106048584,N/A,6719,18.81559944152832,1.1034499406814575,0.4617899954319
2019,8,8,6,0,0.770376980304718,10.557900428771973,252.5,8.15149974822998,N/A,6782,18.81559944152832,1.0903700590133667,0.4459399878978729
2019,8,8,9,0,0.7703319787979126,10.821499824523926,247.5,8.47189998626709,N/A,6931,18.81559944152832,1.087149977684021,0.43209999799728394
2019,8,8,12,0,0.7712979912757874,10.993499755859375,247.5,8.704400062561035,N/A,7030,18.81559944152832,1.085129976272583,0.4211300015449524
2019,8,8,15,0,0.7708230018615723,11.04740047454834,247.5,8.838600158691406,N/A,6958,15.550000190734863,1.0764399766921997,0.41297000646591187
2019,8,8,18,0,0.7695919871330261,11.039199829101562,247.5,8.925200462341309,N/A,6794,15.550000190734863,1.063920021057129,0.40540000796318054
2019,8,8,21,0,0.7694050073623657,10.928899765014648,247.5,8.519000053405762,N/A,6649,17.104999542236328,1.0575000047683716,0.4108999967575073
2019,8,9,0,0,0.7709569931030273,11.054300308227539,242.5,8.994500160217285,N/A,6542,17.104999542236328,1.0420900583267212,0.39629000425338745
2019,8,9,3,0,0.7749149799346924,11.096599578857422,242.5,9.07610034942627,N/A,6455,17.104999542236328,1.0323100090026855,0.39430999755859375
2019,8,9,6,0,0.7770609855651855,11.057700157165527,242.5,9.012700080871582,N/A,6320,17.104999542236328,1.0230300426483154,0.3969399929046631
2019,8,9,9,0,0.7778609991073608,10.962300300598145,242.5,8.885600090026855,N/A,6064,17.104999542236328,1.0066100358963013,0.40066999197006226
2019,8,9,12,0,0.777118980884552,10.85420036315918,242.5,8.753899574279785,N/A,5751,17.104999542236328,0.9854599833488464,0.40202999114990234
2019,8,9,15,0,0.7747780084609985,10.6181001663208,242.5,8.302300453186035,N/A,5540,17.104999542236328,0.978380024433136,0.4142099916934967
2019,8,9,18,0,0.7720609903335571,10.391500473022461,242.5,7.963600158691406,N/A,5470,15.550000190734863,0.9831500053405762,0.42614999413490295
2019,8,9,21,0,0.7720310091972351,10.234999656677246,237.5,7.375100135803223,N/A,5431,15.550000190734863,0.987089991569519,0.4410000145435333
2019,8,10,0,0,0.7638459801673889,9.176400184631348,237.5,5.851600170135498,N/A,5582,15.550000190734863,1.0592999458312988,0.5346300005912781
2019,8,10,3,0,0.7505090236663818,9.075300216674805,237.5,5.914000034332275,N/A,5458,15.550000190734863,1.0540599822998047,0.5338799953460693
2019,8,10,6,0,0.7427510023117065,8.975700378417969,237.5,6.091599941253662,N/A,5224,15.550000190734863,1.0382299423217773,0.526960015296936
2019,8,10,9,0,0.7442430257797241,9.133399963378906,242.5,6.451000213623047,N/A,4814,15.550000190734863,0.9885200262069702,0.5018699765205383
2019,8,10,12,0,0.7480400204658508,9.362700462341309,237.5,6.782599925994873,N/A,4398,15.550000190734863,0.9333199858665466,0.4775199890136719
2019,8,10,15,0,0.7544580101966858,9.59220027923584,237.5,7.086699962615967,N/A,4111,15.550000190734863,0.8914600014686584,0.46070998907089233
2019,8,10,18,0,0.759706974029541,9.69629955291748,237.5,7.103700160980225,N/A,3969,14.136300086975098,0.8713099956512451,0.46077999472618103
2019,8,10,21,0,0.7599639892578125,9.272500038146973,242.5,6.15369987487793,N/A,3905,14.136300086975098,0.8849599957466125,0.5071700215339661
2019,8,11,0,0,0.7504519820213318,8.900799751281738,242.5,5.896900177001953,N/A,3852,14.136300086975098,0.8984299898147583,0.5293899774551392
2019,8,11,3,0,0.7423030138015747,8.98449993133545,242.5,6.323599815368652,N/A,3716,14.136300086975098,0.8785200119018555,0.507319986820221
2019,8,11,6,0,0.7429710030555725,9.059399604797363,242.5,6.520100116729736,N/A,3545,14.136300086975098,0.8543400168418884,0.49751999974250793
2019,8,11,9,0,0.7523450255393982,9.275099754333496,237.5,6.75439977645874,N/A,3389,14.136300086975098,0.8247699737548828,0.48611998558044434
2019,8,11,12,0,0.7730240225791931,9.623700141906738,237.5,7.023600101470947,N/A,3354,14.136300086975098,0.8035100102424622,0.4803699851036072
2019,8,11,15,0,0.7969679832458496,9.461600303649902,237.5,6.123199939727783,N/A,3484,14.136300086975098,0.8245099782943726,0.5345199704170227
2019,8,11,18,0,0.8120059967041016,8.41510009765625,232.5,5.02269983291626,N/A,3729,18.81559944152832,0.9063000082969666,0.6376500129699707
2019,8,11,21,0,0.8136849999427795,7.609000205993652,232.5,4.624599933624268,N/A,3835,18.81559944152832,0.9701600074768066,0.6881999969482422
2019,8,12,0,0,0.8200950026512146,7.110199928283691,227.5,4.501999855041504,N/A,3858,18.81559944152832,1.0106199979782104,0.7020599842071533
2019,8,12,3,0,0.8260610103607178,7.191800117492676,227.5,4.854300022125244,N/A,3831,14.136300086975098,1.003250002861023,0.6674399971961975
2019,8,12,6,0,0.8271430134773254,7.420899868011475,222.5,5.213900089263916,N/A,3885,14.136300086975098,0.995419979095459,0.6310499906539917
2019,8,12,9,0,0.8331249952316284,7.619900226593018,222.5,5.420599937438965,N/A,4100,14.136300086975098,1.0086899995803833,0.6086999773979187
2019,8,12,12,0,0.8538179993629456,7.897200107574463,222.5,5.531499862670898,N/A,4409,17.104999542236328,1.0247000455856323,0.600849986076355
2019,8,12,15,0,0.8751270174980164,8.175600051879883,227.5,5.646900177001953,N/A,4899,17.104999542236328,1.0588699579238892,0.5924599766731262
2019,8,12,18,0,0.889752984046936,8.464200019836426,227.5,5.811500072479248,N/A,5272,17.104999542236328,1.0772099494934082,0.5808600187301636
2019,8,12,21,0,0.8973309993743896,8.21660041809082,227.5,5.406799793243408,N/A,5598,17.104999542236328,1.126889944076538,0.6079699993133545
2019,8,13,0,0,0.9028199911117554,8.222399711608887,227.5,5.615600109100342,N/A,5845,17.104999542236328,1.152169942855835,0.5966500043869019
2019,8,13,3,0,0.9090399742126465,8.8951997756958,227.5,6.156700134277344,N/A,5499,14.136300086975098,1.0714499950408936,0.5595300197601318
2019,8,13,6,0,0.9150859713554382,9.516200065612793,227.5,6.672699928283691,N/A,5138,14.136300086975098,0.9991599917411804,0.52360999584198
2019,8,13,9,0,0.9188500046730042,9.925999641418457,232.5,7.1092000007629395,N/A,4880,14.136300086975098,0.952049970626831,0.4947899878025055
2019,8,13,12,0,0.9204699993133545,10.193400382995605,232.5,7.470799922943115,N/A,4829,14.136300086975098,0.9331899881362915,0.4711199998855591
2019,8,13,15,0,0.9227629899978638,10.201299667358398,232.5,7.716800212860107,N/A,5197,14.136300086975098,0.967769980430603,0.4557400047779083
2019,8,13,18,0,0.9246699810028076,10.071700096130371,232.5,7.769999980926514,N/A,5654,14.136300086975098,1.016409993171692,0.4546099901199341
2019,8,13,21,0,0.9245749711990356,9.983599662780762,232.5,7.355599880218506,N/A,5797,14.136300086975098,1.03302001953125,0.46977001428604126
2019,8,14,0,0,0.920615017414093,9.606499671936035,232.5,6.412300109863281,N/A,5784,14.136300086975098,1.0514400005340576,0.5193399786949158
2019,8,14,3,0,0.9167299866676331,9.860699653625488,232.5,6.7316999435424805,N/A,5626,14.136300086975098,1.0220400094985962,0.5083799958229065
2019,8,14,6,0,0.9138309955596924,10.361200332641602,237.5,7.4120001792907715,N/A,5476,14.136300086975098,0.9820399880409241,0.47523999214172363
2019,8,14,9,0,0.9084050059318542,10.552499771118164,237.5,7.5991997718811035,N/A,5413,17.104999542236328,0.9667699933052063,0.4636499881744385
2019,8,14,12,0,0.901528000831604,10.553400039672852,237.5,7.601099967956543,N/A,5414,17.104999542236328,0.9667199850082397,0.46375998854637146
2019,8,14,15,0,0.8944029808044434,10.427900314331055,237.5,7.4720001220703125,N/A,5512,17.104999542236328,0.9816100001335144,0.47376999258995056
2019,8,14,18,0,0.8904809951782227,10.098600387573242,242.5,7.08489990234375,N/A,5753,12.851200103759766,1.0202800035476685,0.4978199899196625
2019,8,14,21,0,0.8781350255012512,8.707799911499023,242.5,5.38129997253418,N/A,6379,12.851200103759766,1.1610499620437622,0.6134499907493591
2019,8,15,0,0,0.8603280186653137,8.092700004577637,247.5,5.19950008392334,N/A,7367,12.851200103759766,1.2987600564956665,0.6418899893760681
2019,8,15,3,0,0.8552770018577576,8.283599853515625,252.5,5.633299827575684,N/A,8286,15.550000190734863,1.3621799945831299,0.614799976348877
2019,8,15,6,0,0.8595079779624939,8.802900314331055,252.5,5.998799800872803,N/A,8533,15.550000190734863,1.3366199731826782,0.593500018119812
2019,8,15,9,0,0.8652290105819702,8.808300018310547,257.5,6.024899959564209,N/A,8990,15.550000190734863,1.370859980583191,0.5960999727249146
2019,8,15,12,0,0.8738369941711426,8.849699974060059,257.5,6.3069000244140625,N/A,9734,15.550000190734863,1.4254399538040161,0.575219988822937
2019,8,15,15,0,0.8783850073814392,9.151800155639648,257.5,6.576200008392334,N/A,10207,15.550000190734863,1.4331300258636475,0.5597800016403198
2019,8,15,18,0,0.8778529763221741,9.261099815368652,257.5,6.596099853515625,N/A,10178,15.550000190734863,1.421239972114563,0.5563300251960754
2019,8,15,21,0,0.8839250206947327,8.519700050354004,267.5,5.920100212097168,N/A,13521,17.104999542236328,1.7158199548721313,0.5931100249290466
2019,8,16,0,0,0.8812299966812134,8.3641996383667,267.5,6.399199962615967,N/A,16796,17.104999542236328,1.9441800117492676,0.5366600155830383
2019,8,16,3,0,0.8750159740447998,8.833999633789062,267.5,6.703499794006348,N/A,15666,17.104999542236328,1.8178199529647827,0.5277699828147888
2019,8,16,6,0,0.8766180276870728,9.213000297546387,267.5,6.941299915313721,N/A,15037,17.104999542236328,1.7363500595092773,0.5229700207710266
2019,8,16,9,0,0.8888840079307556,9.303099632263184,267.5,7.2093000411987305,N/A,16316,17.104999542236328,1.8036400079727173,0.4957599937915802
2019,8,16,12,0,0.9007350206375122,9.121100425720215,272.5,7.428299903869629,N/A,19722,17.104999542236328,2.016619920730591,0.4553999900817871
2019,8,16,15,0,0.9010549783706665,9.102800369262695,272.5,7.560699939727783,N/A,20556,15.550000190734863,2.064919948577881,0.43636998534202576
2019,8,16,18,0,0.894199013710022,9.087900161743164,272.5,7.543900012969971,N/A,18450,15.550000190734863,1.9570200443267822,0.43599000573158264
2019,8,16,21,0,0.8964669704437256,9.325699806213379,272.5,7.723400115966797,N/A,18417,15.550000190734863,1.9254399538040161,0.4302600026130676
2019,8,17,0,0,0.8947719931602478,9.346400260925293,272.5,7.704999923706055,N/A,18152,15.550000190734863,1.9092199802398682,0.4263800084590912
2019,8,17,3,0,0.8974909782409668,9.054200172424316,277.5,7.5960001945495605,N/A,19221,15.550000190734863,2.003770112991333,0.41905999183654785
2019,8,17,6,0,0.8983290195465088,9.01099967956543,277.5,7.6722002029418945,N/A,19585,15.550000190734863,2.0323901176452637,0.4011099934577942
2019,8,17,9,0,0.8985000252723694,9.015600204467773,277.5,7.763800144195557,N/A,19211,7.979499816894531,2.0153698921203613,0.3860499858856201
2019,8,17,12,0,0.8911640048027039,8.841899871826172,277.5,7.617099761962891,N/A,16465,7.979499816894531,1.8862299919128418,0.3887700140476227
2019,8,17,15,0,0.8943690061569214,8.90820026397705,277.5,7.561999797821045,N/A,15205,15.550000190734863,1.8001799583435059,0.40307000279426575
2019,8,17,18,0,0.8874199986457825,8.952699661254883,277.5,7.500899791717529,N/A,13102,15.550000190734863,1.6626299619674683,0.4149799942970276
2019,8,17,21,0,0.8790889978408813,9.007200241088867,272.5,7.453800201416016,N/A,11294,14.136300086975098,1.5356999635696411,0.4239499866962433
2019,8,18,0,0,0.8768929839134216,9.117799758911133,272.5,7.481200218200684,N/A,10425,14.136300086975098,1.4636000394821167,0.42660999298095703
2019,8,18,3,0,0.874800980091095,9.14490032196045,272.5,7.490200042724609,N/A,9682,14.136300086975098,1.408120036125183,0.42537999153137207
2019,8,18,6,0,0.8727669715881348,9.084699630737305,272.5,7.437600135803223,N/A,8988,14.136300086975098,1.3622000217437744,0.4253700077533722
2019,8,18,9,0,0.8698980212211609,8.96560001373291,272.5,7.303599834442139,N/A,8265,14.136300086975098,1.3160799741744995,0.43035998940467834
2019,8,18,12,0,0.8696960210800171,8.74779987335205,272.5,7.044300079345703,N/A,7807,14.136300086975098,1.2960599660873413,0.4454900026321411
2019,8,18,15,0,0.8701379895210266,8.701399803161621,267.5,6.9654998779296875,N/A,7380,14.136300086975098,1.2636300325393677,0.4499500095844269
2019,8,18,18,0,0.8705379962921143,8.806400299072266,267.5,7.065899848937988,N/A,6900,14.136300086975098,1.2141300439834595,0.4430199861526489
2019,8,18,21,0,0.8739269971847534,8.902600288391113,267.5,7.0005998611450195,N/A,6702,14.136300086975098,1.189389944076538,0.44185999035835266
2019,8,19,0,0,0.8755689859390259,8.950400352478027,267.5,7.059500217437744,N/A,6548,14.136300086975098,1.173050045967102,0.4356200098991394
2019,8,19,3,0,0.8761839866638184,8.98009967803955,267.5,7.111999988555908,N/A,6470,14.136300086975098,1.164680004119873,0.4317399859428406
2019,8,19,6,0,0.8781049847602844,9.098899841308594,272.5,7.532899856567383,N/A,7060,14.136300086975098,1.2120800018310547,0.3999499976634979
2019,8,19,9,0,0.8926569819450378,9.171099662780762,282.5,7.949900150299072,N/A,9775,8.77750015258789,1.4299299716949463,0.34318000078201294
2019,8,19,12,0,0.9108009934425354,9.115799903869629,282.5,8.013199806213379,N/A,12688,9.655200004577637,1.6398500204086304,0.3204599916934967
2019,8,19,15,0,0.9180769920349121,9.21030044555664,282.5,8.217000007629395,N/A,13753,9.655200004577637,1.6994600296020508,0.30351999402046204
2019,8,19,18,0,0.9201369881629944,9.310700416564941,282.5,8.404999732971191,N/A,13470,9.655200004577637,1.6723099946975708,0.2933500111103058
2019,8,19,21,0,0.9188560247421265,9.328700065612793,282.5,8.410599708557129,N/A,12627,9.655200004577637,1.6165900230407715,0.29649999737739563
2019,8,20,0,0,0.9153249859809875,9.316399574279785,282.5,8.316800117492676,N/A,11666,9.655200004577637,1.5535399913787842,0.3061699867248535
2019,8,20,3,0,0.9099149703979492,9.089900016784668,282.5,7.604499816894531,N/A,10823,8.77750015258789,1.5140299797058105,0.34358999133110046
2019,8,20,6,0,0.9025580286979675,9.116100311279297,282.5,7.793000221252441,N/A,9812,8.77750015258789,1.4384000301361084,0.3419699966907501
2019,8,20,9,0,0.8941119909286499,9.1899995803833,277.5,8.023699760437012,N/A,8632,8.77750015258789,1.3423199653625488,0.3377699851989746
2019,8,20,12,0,0.8854359984397888,9.245699882507324,277.5,8.061599731445312,N/A,7444,8.77750015258789,1.2400699853897095,0.3482300043106079
2019,8,20,15,0,0.8768439888954163,9.355400085449219,272.5,8.050700187683105,N/A,6449,8.77750015258789,1.1432299613952637,0.3650600016117096
2019,8,20,18,0,0.8693400025367737,8.956299781799316,272.5,6.744900226593018,N/A,5835,14.136300086975098,1.1083699464797974,0.4392400085926056
2019,8,20,21,0,0.8548380136489868,8.04800033569336,267.5,5.606100082397461,N/A,5844,14.136300086975098,1.1722300052642822,0.5232499837875366
2019,8,21,0,0,0.8234869837760925,7.079699993133545,257.5,5.060500144958496,N/A,6402,14.136300086975098,1.316290020942688,0.5626500248908997
2019,8,21,3,0,0.788532018661499,6.537499904632568,242.5,5.133200168609619,N/A,8664,6.594600200653076,1.6110199689865112,0.49880000948905945
2019,8,21,6,0,0.8140109777450562,6.715199947357178,227.5,5.609600067138672,N/A,12913,7.2540998458862305,1.9569400548934937,0.3973099887371063
2019,8,21,9,0,0.8691409826278687,7.269100189208984,217.5,6.20550012588501,N/A,21099,7.979499816894531,2.408829927444458,0.34283000230789185
2019,8,21,12,0,0.8899070024490356,7.940800189971924,222.5,6.7453999519348145,N/A,31482,9.655200004577637,2.8015599250793457,0.333840012550354
2019,8,21,15,0,0.8853750228881836,8.416199684143066,222.5,7.245200157165527,N/A,36482,9.655200004577637,2.9166500568389893,0.320360004901886
2019,8,21,18,0,0.8887509703636169,8.967700004577637,227.5,8.03849983215332,N/A,30951,10.620800018310547,2.5929999351501465,0.2865599989891052
2019,8,21,21,0,0.8957440257072449,9.1983003616333,232.5,8.37440013885498,N/A,25815,10.620800018310547,2.3343899250030518,0.2736299932003021
2019,8,22,0,0,0.8881739974021912,9.010700225830078,237.5,8.190199851989746,N/A,23399,10.620800018310547,2.2481400966644287,0.2846300005912781
2019,8,22,3,0,0.8529999852180481,8.903200149536133,247.5,8.011699676513672,N/A,22965,10.620800018310547,2.240689992904663,0.29976001381874084
2019,8,22,6,0,0.8223000168800354,9.066399574279785,262.5,8.179400444030762,N/A,27568,10.620800018310547,2.4283199310302734,0.2968200147151947
2019,8,22,9,0,0.838342010974884,9.240599632263184,277.5,8.421799659729004,N/A,33706,9.655200004577637,2.658859968185425,0.27761998772621155
2019,8,22,12,0,0.8544409871101379,9.093899726867676,282.5,8.339699745178223,N/A,32105,9.655200004577637,2.6234400272369385,0.26947999000549316
2019,8,22,15,0,0.8537709712982178,8.973999977111816,282.5,8.215299606323242,N/A,26032,9.655200004577637,2.3813700675964355,0.2785699963569641
2019,8,22,18,0,0.8445019721984863,8.869799613952637,277.5,8.076600074768066,N/A,20322,9.655200004577637,2.1180899143218994,0.29815998673439026
2019,8,22,21,0,0.8386049866676331,8.787300109863281,277.5,7.885700225830078,N/A,15810,9.655200004577637,1.8759100437164307,0.3298099935054779
2019,8,23,0,0,0.8421810269355774,8.431300163269043,272.5,7.1392998695373535,N/A,13280,8.77750015258789,1.7553199529647827,0.3747600018978119
2019,8,23,3,0,0.8436470031738281,8.11870002746582,272.5,6.8744001388549805,N/A,11408,8.77750015258789,1.6580899953842163,0.39190998673439026
2019,8,23,6,0,0.8412529826164246,8.1673002243042,272.5,6.923500061035156,N/A,9882,8.77750015258789,1.5346100330352783,0.40742000937461853
2019,8,23,9,0,0.8386279940605164,8.379599571228027,267.5,6.7916998863220215,N/A,9062,8.77750015258789,1.443619966506958,0.45263999700546265
2019,8,23,12,0,0.8411999940872192,8.759099960327148,262.5,6.856299877166748,N/A,8667,18.81559944152832,1.3723399639129639,0.49173998832702637
2019,8,23,15,0,0.8485419750213623,9.067700386047363,257.5,6.917500019073486,N/A,8163,18.81559944152832,1.3031100034713745,0.5120700001716614
2019,8,23,18,0,0.8590279817581177,9.409899711608887,252.5,7.066500186920166,N/A,7263,18.81559944152832,1.202679991722107,0.510640025138855
2019,8,23,21,0,0.8693299889564514,9.639599800109863,247.5,7.040200233459473,N/A,6393,18.81559944152832,1.1124099493026733,0.501039981842041
2019,8,24,0,0,0.8702830076217651,10.017000198364258,252.5,7.387400150299072,N/A,6473,18.81559944152832,1.094249963760376,0.46678000688552856
2019,8,24,3,0,0.8754879832267761,10.707200050354004,262.5,8.95359992980957,N/A,10390,11.682900428771973,1.342650055885315,0.3454500138759613
2019,8,24,6,0,0.9075469970703125,10.431099891662598,267.5,9.427499771118164,N/A,17449,11.682900428771973,1.778290033340454,0.2872700095176697
2019,8,24,9,0,0.9181830286979675,10.139699935913086,267.5,9.259499549865723,N/A,20612,10.620800018310547,1.9678399562835693,0.2875699996948242
2019,8,24,12,0,0.9172019958496094,10.04010009765625,267.5,9.124500274658203,N/A,20055,10.620800018310547,1.951449990272522,0.2991499900817871
2019,8,24,15,0,0.9142360091209412,10.092300415039062,262.5,9.069499969482422,N/A,18282,10.620800018310547,1.854259967803955,0.3144400119781494
2019,8,24,18,0,0.9079110026359558,10.31879997253418,262.5,9.261699676513672,N/A,19598,10.620800018310547,1.8923799991607666,0.3085300028324127
2019,8,24,21,0,0.8998219966888428,10.464300155639648,267.5,9.398300170898438,N/A,20479,10.620800018310547,1.9170500040054321,0.2996799945831299
2019,8,25,0,0,0.9011489748954773,10.39169979095459,272.5,8.834099769592285,N/A,23215,10.620800018310547,2.0472400188446045,0.308789998292923
2019,8,25,3,0,0.9037650227546692,10.001799583435059,272.5,8.304300308227539,N/A,24661,12.851200103759766,2.1538898944854736,0.33528000116348267
2019,8,25,6,0,0.9042789936065674,9.793100357055664,272.5,8.17020034790039,N/A,25051,11.682900428771973,2.1981101036071777,0.3376399874687195
2019,8,25,9,0,0.9028040170669556,9.623200416564941,277.5,8.168399810791016,N/A,25424,11.682900428771973,2.238729953765869,0.33456000685691833
2019,8,25,12,0,0.9006549715995789,9.665399551391602,277.5,8.399900436401367,N/A,25457,11.682900428771973,2.238100051879883,0.31766000390052795
2019,8,25,15,0,0.8967810273170471,9.539799690246582,277.5,8.370200157165527,N/A,25120,10.620800018310547,2.2424399852752686,0.3139500021934509
2019,8,25,18,0,0.8935139775276184,9.361700057983398,277.5,8.256400108337402,N/A,24096,10.620800018310547,2.2223401069641113,0.31363001465797424
2019,8,25,21,0,0.8910449743270874,8.945500373840332,277.5,7.559999942779541,N/A,22611,10.620800018310547,2.208329916000366,0.34231001138687134
2019,8,26,0,0,0.890919029712677,8.534899711608887,277.5,7.211400032043457,N/A,21737,10.620800018310547,2.222990036010742,0.35798001289367676
2019,8,26,3,0,0.8916550278663635,8.583100318908691,277.5,7.5065999031066895,N/A,19262,9.655200004577637,2.089709997177124,0.33469000458717346
2019,8,26,6,0,0.8922910094261169,8.595999717712402,272.5,7.577899932861328,N/A,16499,9.655200004577637,1.9333100318908691,0.3284200131893158
2019,8,26,9,0,0.8948320150375366,8.609700202941895,272.5,7.618000030517578,N/A,14555,9.655200004577637,1.8145699501037598,0.32444000244140625
2019,8,26,12,0,0.8962730169296265,8.641400337219238,272.5,7.681600093841553,N/A,13534,10.620800018310547,1.7467299699783325,0.3185099959373474
2019,8,26,15,0,0.8938239812850952,8.610699653625488,272.5,7.637899875640869,N/A,12045,10.620800018310547,1.6503100395202637,0.32315000891685486
2019,8,26,18,0,0.8899170160293579,8.63379955291748,272.5,7.5630998611450195,N/A,10115,10.620800018310547,1.5074100494384766,0.3376699984073639
2019,8,26,21,0,0.893293023109436,8.243499755859375,272.5,6.480100154876709,N/A,9836,10.620800018310547,1.5213199853897095,0.39765000343322754
2019,8,27,0,0,0.8892539739608765,7.286799907684326,272.5,5.597599983215332,N/A,10670,10.620800018310547,1.6916099786758423,0.4595800042152405
2019,8,27,3,0,0.8876399993896484,7.38730001449585,272.5,5.799900054931641,N/A,9906,10.620800018310547,1.6193000078201294,0.4428800046443939
2019,8,27,6,0,0.8981360197067261,7.8516998291015625,272.5,6.413099765777588,N/A,8278,10.620800018310547,1.4341299533843994,0.40424999594688416
2019,8,27,9,0,0.9064379930496216,8.084699630737305,272.5,6.771299839019775,N/A,7364,10.620800018310547,1.3339500427246094,0.3747299909591675
2019,8,27,12,0,0.9114639759063721,8.094799995422363,272.5,6.953800201416016,N/A,7006,10.620800018310547,1.3031500577926636,0.35085999965667725
2019,8,27,15,0,0.9116560220718384,8.057100296020508,272.5,6.892600059509277,N/A,6529,10.620800018310547,1.2621699571609497,0.34724000096321106
2019,8,27,18,0,0.907975971698761,7.985899925231934,272.5,6.849299907684326,N/A,5737,9.655200004577637,1.1886800527572632,0.3520500063896179
2019,8,27,21,0,0.9071630239486694,7.589600086212158,272.5,5.916500091552734,N/A,5637,9.655200004577637,1.2096600532531738,0.4079799950122833
2019,8,28,0,0,0.8955780267715454,6.631800174713135,277.5,5.0879998207092285,N/A,6176,9.655200004577637,1.3577300310134888,0.4763000011444092
2019,8,28,3,0,0.8971319794654846,6.775100231170654,277.5,5.412799835205078,N/A,6682,9.655200004577637,1.398650050163269,0.4407599866390228
2019,8,28,6,0,0.9096189737319946,7.339600086212158,277.5,6.27209997177124,N/A,7373,9.655200004577637,1.4124300479888916,0.3698900043964386
2019,8,28,9,0,0.9131559729576111,7.715000152587891,282.5,6.866099834442139,N/A,8257,9.655200004577637,1.4585200548171997,0.32401999831199646
2019,8,28,12,0,0.914821982383728,7.935800075531006,282.5,7.166500091552734,N/A,8816,9.655200004577637,1.4858299493789673,0.3027400076389313
2019,8,28,15,0,0.9142709970474243,8.011199951171875,282.5,7.277500152587891,N/A,8757,8.77750015258789,1.4737900495529175,0.29572999477386475
2019,8,28,18,0,0.9131029844284058,7.962900161743164,277.5,7.221399784088135,N/A,8339,8.77750015258789,1.442389965057373,0.30142998695373535
2019,8,28,21,0,0.9116219878196716,7.917699813842773,277.5,7.147500038146973,N/A,7709,8.77750015258789,1.390220046043396,0.3119400143623352
2019,8,29,0,0,0.9095849990844727,7.907400131225586,277.5,7.032299995422363,N/A,7319,8.77750015258789,1.3546500205993652,0.32479000091552734
2019,8,29,3,0,0.9027500152587891,7.961699962615967,277.5,7.094699859619141,N/A,6912,8.77750015258789,1.3103599548339844,0.3339900076389313
2019,8,29,6,0,0.8892199993133545,7.855400085449219,272.5,6.5,N/A,6355,8.77750015258789,1.2627500295639038,0.380730003118515
2019,8,29,9,0,0.8684099912643433,7.683599948883057,267.5,6.070199966430664,N/A,5896,8.77750015258789,1.2276400327682495,0.4278999865055084
2019,8,29,12,0,0.86176997423172,7.829100131988525,267.5,6.352200031280518,N/A,5832,8.77750015258789,1.2086199522018433,0.416920006275177
2019,8,29,15,0,0.8443229794502258,7.642399787902832,267.5,6.187600135803223,N/A,6066,7.979499816894531,1.2486499547958374,0.42770999670028687
2019,8,29,18,0,0.8105599880218506,7.534999847412109,262.5,6.194900035858154,N/A,5942,7.979499816894531,1.2439299821853638,0.4386099874973297
2019,8,29,21,0,0.7627270221710205,6.97599983215332,252.5,5.39300012588501,N/A,6169,7.979499816894531,1.3181699514389038,0.49797001481056213
2019,8,30,0,0,0.7365080118179321,7.054599761962891,237.5,5.819799900054932,N/A,6826,6.594600200653076,1.3799099922180176,0.4619100093841553
2019,8,30,3,0,0.7336549758911133,7.228400230407715,232.5,6,N/A,6598,6.594600200653076,1.338129997253418,0.45934998989105225
2019,8,30,6,0,0.7413840293884277,7.346499919891357,232.5,5.99459981918335,N/A,6164,6.594600200653076,1.2797499895095825,0.47602999210357666
2019,8,30,9,0,0.7585960030555725,7.362599849700928,227.5,5.7866997718811035,N/A,5756,17.104999542236328,1.231760025024414,0.5074899792671204
2019,8,30,12,0,0.7817040085792542,7.216899871826172,222.5,5.581200122833252,N/A,5785,17.104999542236328,1.2463200092315674,0.5303199887275696
2019,8,30,15,0,0.8111900091171265,6.98390007019043,217.5,5.383299827575684,N/A,6285,6.594600200653076,1.3228399753570557,0.5380799770355225
2019,8,30,18,0,0.842274010181427,6.813399791717529,212.5,5.320199966430664,N/A,6934,6.594600200653076,1.409350037574768,0.5351399779319763
2019,8,30,21,0,0.8530790209770203,7.014400005340576,207.5,5.535099983215332,N/A,6734,6.594600200653076,1.3671799898147583,0.527649998664856
2019,8,31,0,0,0.852055013179779,7.258900165557861,207.5,5.757999897003174,N/A,6040,6.594600200653076,1.26937997341156,0.531470000743866
2019,8,31,3,0,0.8528370261192322,7.48960018157959,212.5,5.9475998878479,N/A,5396,6.594600200653076,1.1779500246047974,0.5354999899864197
2019,8,31,6,0,0.854017972946167,7.665800094604492,212.5,6.014800071716309,N/A,4825,6.594600200653076,1.098230004310608,0.542680025100708
2019,8,31,9,0,0.8577179908752441,7.8165998458862305,217.5,6.041200160980225,N/A,4388,15.550000190734863,1.034369945526123,0.5516499876976013
2019,8,31,12,0,0.8687319755554199,7.895100116729736,217.5,6.017000198364258,N/A,4135,15.550000190734863,0.9970700144767761,0.5628600120544434
2019,8,31,15,0,0.8846870064735413,7.896399974822998,222.5,5.985099792480469,N/A,4251,5.995100021362305,1.0102900266647339,0.5651599764823914
2019,8,31,18,0,0.906578004360199,7.7515997886657715,222.5,5.952499866485596,N/A,4975,5.995100021362305,1.1073100566864014,0.5421299934387207
2019,8,31,21,0,0.9215829968452454,7.477099895477295,222.5,5.767600059509277,N/A,6551,7.2540998458862305,1.3005900382995605,0.5224699974060059
2019,9,1,0,0,0.9252939820289612,7.453400135040283,222.5,6.048299789428711,N/A,8343,7.2540998458862305,1.4765599966049194,0.47422000765800476
2019,9,1,3,0,0.9206510186195374,7.739799976348877,227.5,6.298799991607666,N/A,8928,7.2540998458862305,1.4987599849700928,0.45322999358177185
2019,9,1,6,0,0.9179250001907349,7.917900085449219,227.5,6.460100173950195,N/A,9371,8.77750015258789,1.5173799991607666,0.4458000063896179
2019,9,1,9,0,0.9176579713821411,8.087699890136719,227.5,6.5731000900268555,N/A,9281,8.77750015258789,1.4926600456237793,0.4433000087738037
2019,9,1,12,0,0.921875,8.064499855041504,232.5,6.427199840545654,N/A,8972,8.77750015258789,1.4692200422286987,0.4525899887084961
2019,9,1,15,0,0.924219012260437,7.891200065612793,232.5,6.277200222015381,N/A,8839,8.77750015258789,1.4756499528884888,0.4564499855041504
2019,9,1,18,0,0.9211909770965576,7.8003997802734375,232.5,6.249000072479248,N/A,8447,7.979499816894531,1.4518699645996094,0.453900009393692
2019,9,1,21,0,0.9107589721679688,7.747200012207031,232.5,6.081099987030029,N/A,8268,7.979499816894531,1.439869999885559,0.4697299897670746
2019,9,2,0,0,0.9087380170822144,7.909900188446045,232.5,6.351099967956543,N/A,8033,7.979499816894531,1.4024800062179565,0.46303001046180725
2019,9,2,3,0,0.9100729823112488,8.205100059509277,232.5,6.649700164794922,N/A,7559,7.979499816894531,1.3318599462509155,0.45941001176834106
2019,9,2,6,0,0.9109339714050293,8.388899803161621,232.5,6.797800064086914,N/A,7182,7.979499816894531,1.2810200452804565,0.4583800137042999
2019,9,2,9,0,0.9093760251998901,8.455100059509277,232.5,6.851200103759766,N/A,6846,7.979499816894531,1.2443599700927734,0.45719000697135925
2019,9,2,12,0,0.9079059958457947,8.564200401306152,232.5,6.925899982452393,N/A,6403,7.979499816894531,1.193869948387146,0.456059992313385
2019,9,2,15,0,0.9094480276107788,8.744600296020508,237.5,7.019100189208984,N/A,5986,17.104999542236328,1.1394100189208984,0.46000999212265015
2019,9,2,18,0,0.9148110151290894,9.025500297546387,237.5,7.142600059509277,N/A,5633,17.104999542236328,1.0836600065231323,0.4686500132083893
2019,9,2,21,0,0.9129440188407898,9.043899536132812,237.5,6.369900226593018,N/A,5628,17.104999542236328,1.0777499675750732,0.5133699774742126
2019,9,3,0,0,0.8822450041770935,7.699999809265137,242.5,4.962699890136719,N/A,5946,17.104999542236328,1.2043800354003906,0.6392899751663208
2019,9,3,3,0,0.8645640015602112,7.945899963378906,247.5,5.343900203704834,N/A,5832,17.104999542236328,1.174530029296875,0.6345999836921692
2019,9,3,6,0,0.8612009882926941,9.29889965057373,252.5,6.0578999519348145,N/A,6110,20.697200775146484,1.1044100522994995,0.6257699728012085
2019,9,3,9,0,0.8699979782104492,11.193599700927734,262.5,7.054100036621094,N/A,7949,20.697200775146484,1.1369600296020508,0.5783799886703491
2019,9,3,12,0,0.8966330289840698,13.248600006103516,267.5,8.65149974822998,N/A,12866,18.81559944152832,1.3139699697494507,0.47766000032424927
2019,9,3,15,0,0.9152799844741821,14.466099739074707,272.5,10.32859992980957,N/A,19822,18.81559944152832,1.548140048980713,0.38141000270843506
2019,9,3,18,0,0.9233599901199341,14.820099830627441,272.5,11.450400352478027,N/A,26301,17.104999542236328,1.7538599967956543,0.3185400068759918
2019,9,3,21,0,0.9313169717788696,14.715900421142578,277.5,11.869799613952637,N/A,31821,17.104999542236328,1.932420015335083,0.285180002450943
2019,9,4,0,0,0.935234010219574,14.411999702453613,277.5,12.01990032196045,N/A,32781,15.550000190734863,1.983199954032898,0.2705000042915344
2019,9,4,3,0,0.937965989112854,13.907699584960938,277.5,11.886899948120117,N/A,31287,15.550000190734863,1.9772299528121948,0.26096001267433167
2019,9,4,6,0,0.9427220225334167,13.482799530029297,282.5,11.691300392150879,N/A,31662,15.550000190734863,2.026289939880371,0.2562499940395355
2019,9,4,9,0,0.9436780214309692,12.429100036621094,282.5,9.984299659729004,N/A,31568,15.550000190734863,2.119489908218384,0.3156599998474121
2019,9,4,12,0,0.9392589926719666,11.230999946594238,282.5,8.97920036315918,N/A,31796,14.136300086975098,2.2580599784851074,0.36281999945640564
2019,9,4,15,0,0.9349439740180969,11.053999900817871,282.5,9.1225004196167,N/A,30484,14.136300086975098,2.237030029296875,0.3434099853038788
2019,9,4,18,0,0.9296140074729919,11.191900253295898,282.5,9.446800231933594,N/A,28283,14.136300086975098,2.1433498859405518,0.3156299889087677
2019,9,4,21,0,0.9241880178451538,11.23069953918457,282.5,9.530699729919434,N/A,25556,14.136300086975098,2.037100076675415,0.29624998569488525
2019,9,5,0,0,0.9192799925804138,10.973799705505371,282.5,8.861000061035156,N/A,22781,14.136300086975098,1.9507499933242798,0.31046000123023987
2019,9,5,3,0,0.9138870239257812,10.430500030517578,282.5,8.180500030517578,N/A,20349,12.851200103759766,1.8995800018310547,0.34092000126838684
2019,9,5,6,0,0.9127330183982849,10.447099685668945,282.5,8.703800201416016,N/A,18293,12.851200103759766,1.8045200109481812,0.3134399950504303
2019,9,5,9,0,0.9112460017204285,10.412500381469727,282.5,8.890199661254883,N/A,16516,12.851200103759766,1.7210700511932373,0.30077001452445984
2019,9,5,12,0,0.9072340130805969,10.177900314331055,277.5,8.765600204467773,N/A,14824,11.682900428771973,1.654170036315918,0.30504998564720154
2019,9,5,15,0,0.9020879864692688,9.949899673461914,277.5,8.611599922180176,N/A,13470,11.682900428771973,1.599660038948059,0.3091000020503998
2019,9,5,18,0,0.8957210183143616,9.89330005645752,277.5,8.600000381469727,N/A,12236,11.682900428771973,1.5313800573349,0.3060399889945984
2019,9,5,21,0,0.8920789957046509,9.633500099182129,277.5,7.860799789428711,N/A,11462,11.682900428771973,1.5044699907302856,0.3324599862098694
2019,9,6,0,0,0.8880789875984192,8.591099739074707,277.5,6.481400012969971,N/A,11093,11.682900428771973,1.573699951171875,0.4192900061607361
2019,9,6,3,0,0.8831539750099182,8.49940013885498,277.5,6.650199890136719,N/A,10064,10.620800018310547,1.5101100206375122,0.4081900119781494
2019,9,6,6,0,0.8785150051116943,8.818599700927734,277.5,7.178400039672852,N/A,8840,10.620800018310547,1.3891899585723877,0.37713000178337097
2019,9,6,9,0,0.8704000115394592,9.072999954223633,272.5,7.489299774169922,N/A,7913,10.620800018310547,1.2945599555969238,0.36403998732566833
2019,9,6,12,0,0.8624749779701233,9.155699729919434,272.5,7.494699954986572,N/A,7240,10.620800018310547,1.2316700220108032,0.37042000889778137
2019,9,6,15,0,0.8500649929046631,9.149999618530273,267.5,7.463399887084961,N/A,6312,10.620800018310547,1.1494799852371216,0.38464000821113586
2019,9,6,18,0,0.8413649797439575,8.641599655151367,267.5,6.343699932098389,N/A,5774,10.620800018310547,1.1319199800491333,0.45006999373435974
2019,9,6,21,0,0.8387590050697327,8.094400405883789,262.5,5.7600998878479,N/A,5797,10.620800018310547,1.1737500429153442,0.4996599853038788
2019,9,7,0,0,0.8491290211677551,8.55150032043457,262.5,6.461400032043457,N/A,5796,9.655200004577637,1.1403299570083618,0.4664199948310852
2019,9,7,3,0,0.8711119890213013,8.884200096130371,262.5,6.964799880981445,N/A,6550,9.655200004577637,1.190119981765747,0.43669000267982483
2019,9,7,6,0,0.8876749873161316,9.09689998626709,262.5,7.351099967956543,N/A,7134,9.655200004577637,1.2286700010299683,0.41157999634742737
2019,9,7,9,0,0.8998609781265259,9.319499969482422,257.5,7.717700004577637,N/A,7248,9.655200004577637,1.2239199876785278,0.3866100013256073
2019,9,7,12,0,0.9043409824371338,9.504500389099121,257.5,8.020899772644043,N/A,7112,9.655200004577637,1.1996400356292725,0.3725000023841858
2019,9,7,15,0,0.9085710048675537,9.761500358581543,252.5,8.287799835205078,N/A,6983,9.655200004577637,1.1696699857711792,0.37828001379966736
2019,9,7,18,0,0.9138079881668091,10.123700141906738,252.5,8.535599708557129,N/A,6963,8.77750015258789,1.1421200037002563,0.3991299867630005
2019,9,7,21,0,0.9193390011787415,10.139399528503418,247.5,7.667699813842773,N/A,7006,8.77750015258789,1.1413999795913696,0.4553999900817871
2019,9,8,0,0,0.920985996723175,10.20110034942627,247.5,7.803699970245361,N/A,6772,8.77750015258789,1.1183300018310547,0.4694400131702423
2019,9,8,3,0,0.9212989807128906,9.989700317382812,247.5,7.902200222015381,N/A,6314,8.77750015258789,1.0934799909591675,0.47301000356674194
2019,9,8,6,0,0.9185220003128052,9.393199920654297,247.5,7.0015997886657715,N/A,6033,8.77750015258789,1.1044199466705322,0.5021799802780151
2019,9,8,9,0,0.9160330295562744,8.834099769592285,242.5,6.207799911499023,N/A,6257,8.77750015258789,1.158769965171814,0.542389988899231
2019,9,8,12,0,0.9204369783401489,9.264800071716309,242.5,6.705599784851074,N/A,6577,15.550000190734863,1.1542500257492065,0.5248299837112427
2019,9,8,15,0,0.9271010160446167,9.633399963378906,242.5,6.86959981918335,N/A,7158,18.81559944152832,1.1754900217056274,0.5277799963951111
2019,9,8,18,0,0.930188000202179,9.820099830627441,242.5,6.93120002746582,N/A,8148,18.81559944152832,1.2399300336837769,0.5378299951553345
2019,9,8,21,0,0.926052987575531,10.09689998626709,242.5,7.144899845123291,N/A,8897,18.81559944152832,1.2776800394058228,0.5308499932289124
2019,9,9,0,0,0.9211450219154358,10.201199531555176,242.5,7.47790002822876,N/A,8648,18.81559944152832,1.2552000284194946,0.5101100206375122
2019,9,9,3,0,0.9143009781837463,9.989800453186035,242.5,7.632199764251709,N/A,7784,18.81559944152832,1.20756995677948,0.48284000158309937
2019,9,9,6,0,0.9100189805030823,9.750300407409668,242.5,7.769700050354004,N/A,7304,8.77750015258789,1.1881200075149536,0.44624000787734985
2019,9,9,9,0,0.9128959774971008,9.761099815368652,242.5,7.999800205230713,N/A,7766,8.77750015258789,1.2259700298309326,0.4240899980068207
2019,9,9,12,0,0.917110025882721,9.89579963684082,242.5,8.147600173950195,N/A,8677,7.979499816894531,1.2844500541687012,0.43272000551223755
2019,9,9,15,0,0.9124619960784912,10.104999542236328,242.5,8.211700439453125,N/A,9518,17.104999542236328,1.3255000114440918,0.4506399929523468
2019,9,9,18,0,0.9085069894790649,10.439900398254395,242.5,8.297300338745117,N/A,10030,17.104999542236328,1.331760048866272,0.46366000175476074
2019,9,9,21,0,0.9008309841156006,10.576000213623047,242.5,8.352499961853027,N/A,10659,17.104999542236328,1.3629599809646606,0.458950012922287
2019,9,10,0,0,0.8987810015678406,10.464599609375,247.5,8.490599632263184,N/A,11827,17.104999542236328,1.4507399797439575,0.43055999279022217
2019,9,10,3,0,0.9018589854240417,10.204099655151367,252.5,8.685500144958496,N/A,13547,10.620800018310547,1.5849499702453613,0.3876799941062927
2019,9,10,6,0,0.9008730053901672,9.914799690246582,257.5,8.653200149536133,N/A,13913,10.620800018310547,1.637779951095581,0.3636600077152252
2019,9,10,9,0,0.8945080041885376,9.787500381469727,257.5,8.576600074768066,N/A,13310,9.655200004577637,1.6129599809646606,0.36035001277923584
2019,9,10,12,0,0.8895789980888367,9.875800132751465,252.5,8.559399604797363,N/A,12730,9.655200004577637,1.5657399892807007,0.37683001160621643
2019,9,10,15,0,0.8871139883995056,10.097800254821777,252.5,8.615900039672852,N/A,12663,9.655200004577637,1.5385799407958984,0.3982299864292145
2019,9,10,18,0,0.8904950022697449,10.377400398254395,247.5,8.685099601745605,N/A,12384,17.104999542236328,1.4950300455093384,0.4196400046348572
2019,9,10,21,0,0.8933719992637634,10.514800071716309,247.5,8.73859977722168,N/A,12240,17.104999542236328,1.4744399785995483,0.42621999979019165
2019,9,11,0,0,0.889316976070404,10.244500160217285,247.5,8.592300415039062,N/A,12007,8.77750015258789,1.4839199781417847,0.41609999537467957
2019,9,11,3,0,0.8858270049095154,9.844799995422363,252.5,8.475299835205078,N/A,11688,8.77750015258789,1.5009599924087524,0.39340001344680786
2019,9,11,6,0,0.8808770179748535,9.573800086975098,257.5,8.366800308227539,N/A,11607,8.77750015258789,1.5224499702453613,0.37933000922203064
2019,9,11,9,0,0.8762670159339905,9.549099922180176,257.5,8.322999954223633,N/A,11557,8.77750015258789,1.5209200382232666,0.38791999220848083
2019,9,11,12,0,0.8691999912261963,9.730500221252441,257.5,8.339599609375,N/A,11419,8.77750015258789,1.4923800230026245,0.4100399911403656
2019,9,11,15,0,0.8602539896965027,9.759099960327148,252.5,7.693900108337402,N/A,11240,18.81559944152832,1.4729499816894531,0.44894999265670776
2019,9,11,18,0,0.8487190008163452,9.352499961853027,252.5,6.779699802398682,N/A,10909,18.81559944152832,1.4794600009918213,0.5059499740600586
2019,9,11,21,0,0.834276020526886,8.818400382995605,247.5,6.2519001960754395,N/A,10711,15.550000190734863,1.5119199752807617,0.5352500081062317
2019,9,12,0,0,0.8215299844741821,8.344200134277344,247.5,5.993599891662598,N/A,10383,15.550000190734863,1.534440040588379,0.5414400100708008
2019,9,12,3,0,0.8217560052871704,8.521400451660156,247.5,6.236599922180176,N/A,9530,15.550000190734863,1.4523899555206299,0.5255699753761292
2019,9,12,6,0,0.8326029777526855,8.574899673461914,247.5,6.250400066375732,N/A,9179,17.104999542236328,1.4186400175094604,0.5293499827384949
2019,9,12,9,0,0.8541939854621887,8.654999732971191,247.5,6.466899871826172,N/A,9591,17.104999542236328,1.4433799982070923,0.5170400142669678
2019,9,12,12,0,0.8747900128364563,8.487500190734863,242.5,6.29610013961792,N/A,11020,17.104999542236328,1.5659199953079224,0.5171200037002563
2019,9,12,15,0,0.8882520198822021,8.16510009765625,242.5,6.543900012969971,N/A,18112,17.104999542236328,2.0694799423217773,0.44832998514175415
2019,9,12,18,0,0.885146975517273,8.56190013885498,237.5,7.396100044250488,N/A,26966,8.77750015258789,2.4770801067352295,0.3597300052642822
2019,9,12,21,0,0.8620510101318359,8.731800079345703,237.5,7.663899898529053,N/A,28399,8.77750015258789,2.5150699615478516,0.34071001410484314
2019,9,13,0,0,0.8403180241584778,9.047200202941895,242.5,7.972899913787842,N/A,28024,8.77750015258789,2.4438700675964355,0.333840012550354
2019,9,13,3,0,0.8372229933738708,9.487000465393066,247.5,8.440699577331543,N/A,27757,11.682900428771973,2.3638699054718018,0.3166300058364868
2019,9,13,6,0,0.8495630025863647,9.724499702453613,252.5,8.657999992370605,N/A,26695,11.682900428771973,2.2851500511169434,0.3052600026130676
2019,9,13,9,0,0.8611500263214111,9.494799613952637,252.5,8.161199569702148,N/A,24938,11.682900428771973,2.2375500202178955,0.3286600112915039
2019,9,13,12,0,0.8740400075912476,9.350199699401855,257.5,8.138999938964844,N/A,23094,11.682900428771973,2.174639940261841,0.32771000266075134
2019,9,13,15,0,0.8858669996261597,9.314599990844727,257.5,8.216099739074707,N/A,21082,10.620800018310547,2.0855700969696045,0.3192099928855896
2019,9,13,18,0,0.8903350234031677,9.22029972076416,257.5,8.155900001525879,N/A,18608,10.620800018310547,1.9720499515533447,0.3209399878978729
2019,9,13,21,0,0.8973990082740784,9.214699745178223,257.5,8.202300071716309,N/A,17060,10.620800018310547,1.8902599811553955,0.3160800039768219
2019,9,14,0,0,0.9009519815444946,9.173100471496582,257.5,8.222999572753906,N/A,16036,9.655200004577637,1.83896005153656,0.30972999334335327
2019,9,14,3,0,0.902209997177124,9.095399856567383,257.5,8.191699981689453,N/A,14987,9.655200004577637,1.7880100011825562,0.30432000756263733
2019,9,14,6,0,0.9006609916687012,8.997200012207031,257.5,8.137299537658691,N/A,13972,9.655200004577637,1.7387700080871582,0.29864999651908875
2019,9,14,9,0,0.8894510269165039,8.432499885559082,257.5,6.9303998947143555,N/A,12865,9.655200004577637,1.726889967918396,0.35673999786376953
2019,9,14,12,0,0.8756060004234314,8.00409984588623,257.5,6.44350004196167,N/A,11427,8.77750015258789,1.6721899509429932,0.39155998826026917
2019,9,14,15,0,0.849856972694397,7.29010009765625,252.5,5.6616997718811035,N/A,10908,8.77750015258789,1.7140100002288818,0.4490300118923187
2019,9,14,18,0,0.817376971244812,6.773099899291992,252.5,5.36299991607666,N/A,13863,8.77750015258789,2.011620044708252,0.45245999097824097
2019,9,14,21,0,0.8049569725990295,7.247000217437744,257.5,6.075200080871582,N/A,21248,8.77750015258789,2.411600112915039,0.3818899989128113
2019,9,15,0,0,0.8145790100097656,7.963699817657471,262.5,6.888999938964844,N/A,23653,9.655200004577637,2.4190499782562256,0.34228000044822693
2019,9,15,3,0,0.8257870078086853,8.539899826049805,267.5,7.475100040435791,N/A,23776,9.655200004577637,2.330019950866699,0.32659000158309937
2019,9,15,6,0,0.8401020169258118,8.902999877929688,272.5,7.833499908447266,N/A,22841,11.682900428771973,2.228830099105835,0.31718000769615173
2019,9,15,9,0,0.8555650115013123,9.085200309753418,272.5,7.975100040435791,N/A,21976,10.620800018310547,2.1606099605560303,0.3132700026035309
2019,9,15,12,0,0.8663330078125,9.218799591064453,272.5,8.192999839782715,N/A,20652,10.620800018310547,2.077630043029785,0.30430999398231506
2019,9,15,15,0,0.875635027885437,9.343999862670898,272.5,8.348600387573242,N/A,20135,10.620800018310547,2.0357799530029297,0.2980400025844574
2019,9,15,18,0,0.8804889917373657,9.353799819946289,272.5,8.367899894714355,N/A,19154,10.620800018310547,1.984529972076416,0.29763999581336975
2019,9,15,21,0,0.8983780145645142,9.637800216674805,277.5,8.66349983215332,N/A,21525,11.682900428771973,2.067049980163574,0.2878499925136566
2019,9,16,0,0,0.9073129892349243,9.852299690246582,277.5,8.908599853515625,N/A,23546,11.682900428771973,2.134310007095337,0.2777499854564667
2019,9,16,3,0,0.9115560054779053,10.023099899291992,277.5,9.111000061035156,N/A,25040,11.682900428771973,2.179140090942383,0.26862001419067383
2019,9,16,6,0,0.9114919900894165,10.099300384521484,277.5,9.14579963684082,N/A,25400,11.682900428771973,2.184959888458252,0.2657899856567383
2019,9,16,9,0,0.9042990207672119,9.983400344848633,277.5,8.759200096130371,N/A,24712,11.682900428771973,2.1679999828338623,0.2826699912548065
2019,9,16,12,0,0.8969740271568298,9.927300453186035,277.5,8.781700134277344,N/A,23117,11.682900428771973,2.103760004043579,0.28402000665664673
2019,9,16,15,0,0.8940709829330444,9.934499740600586,277.5,8.860199928283691,N/A,21244,11.682900428771973,2.0171799659729004,0.27799999713897705
2019,9,16,18,0,0.8863229751586914,9.826800346374512,277.5,8.611599922180176,N/A,18923,11.682900428771973,1.9155299663543701,0.28933000564575195
2019,9,16,21,0,0.8759170174598694,9.647199630737305,277.5,8.259400367736816,N/A,17881,11.682900428771973,1.8811099529266357,0.3070099949836731
2019,9,17,0,0,0.8621219992637634,9.323599815368652,272.5,7.555200099945068,N/A,17040,11.682900428771973,1.8703299760818481,0.34165000915527344
2019,9,17,3,0,0.8393570184707642,8.802499771118164,272.5,6.7947001457214355,N/A,16670,11.682900428771973,1.9084299802780151,0.38600000739097595
2019,9,17,6,0,0.7781010270118713,7.799300193786621,267.5,5.884099960327148,N/A,17239,10.620800018310547,2.0719099044799805,0.44784998893737793
2019,9,17,9,0,0.706417977809906,7.08050012588501,247.5,5.575500011444092,N/A,18628,10.620800018310547,2.273780107498169,0.4497700035572052
2019,9,17,12,0,0.7336140275001526,7.01170015335083,222.5,5.9328999519348145,N/A,24877,7.979499816894531,2.6587600708007812,0.3741999864578247
2019,9,17,15,0,0.788782000541687,8.008299827575684,227.5,7.329999923706055,N/A,24439,7.979499816894531,2.4626200199127197,0.2867499887943268
2019,9,17,18,0,0.776373028755188,8.270700454711914,232.5,7.624000072479248,N/A,21931,7.979499816894531,2.291670083999634,0.2797499895095825
2019,9,17,21,0,0.7514659762382507,8.417200088500977,232.5,7.732600212097168,N/A,21865,7.979499816894531,2.2671499252319336,0.27515000104904175
2019,9,18,0,0,0.7400509715080261,8.564900398254395,237.5,7.893499851226807,N/A,21327,8.77750015258789,2.2183001041412354,0.26701000332832336
2019,9,18,3,0,0.7393569946289062,8.754799842834473,242.5,8.08240032196045,N/A,21513,8.77750015258789,2.2005701065063477,0.26093998551368713
2019,9,18,6,0,0.747717022895813,9.036399841308594,252.5,8.413000106811523,N/A,23032,9.655200004577637,2.2360599040985107,0.24990999698638916
2019,9,18,9,0,0.7716670036315918,9.345399856567383,257.5,8.72920036315918,N/A,25262,9.655200004577637,2.294800043106079,0.2440200001001358
2019,9,18,12,0,0.8088520169258118,9.744199752807617,267.5,9.08489990234375,N/A,28938,10.620800018310547,2.3920199871063232,0.24491000175476074
2019,9,18,15,0,0.8466640114784241,10.189499855041504,272.5,9.478599548339844,N/A,33937,10.620800018310547,2.5170400142669678,0.24490000307559967
2019,9,18,18,0,0.8653560280799866,10.410400390625,277.5,9.691499710083008,N/A,35967,11.682900428771973,2.556190013885498,0.23975999653339386
2019,9,18,21,0,0.8711839914321899,10.43019962310791,277.5,9.718799591064453,N/A,34456,11.682900428771973,2.4993700981140137,0.23615999519824982
2019,9,19,0,0,0.8703209757804871,10.270999908447266,277.5,9.343099594116211,N/A,31033,11.682900428771973,2.393399953842163,0.24936999380588531
2019,9,19,3,0,0.8670579791069031,9.974499702453613,277.5,8.834799766540527,N/A,26797,11.682900428771973,2.261820077896118,0.2743600010871887
2019,9,19,6,0,0.859749972820282,9.82289981842041,277.5,8.904199600219727,N/A,22101,10.620800018310547,2.0759100914001465,0.26927998661994934
2019,9,19,9,0,0.8499959707260132,9.570699691772461,277.5,8.737099647521973,N/A,18382,10.620800018310547,1.9247499704360962,0.2707900106906891
2019,9,19,12,0,0.8573729991912842,9.292200088500977,277.5,8.51669979095459,N/A,17981,10.620800018310547,1.9380600452423096,0.2726399898529053
2019,9,19,15,0,0.8521220088005066,9.031200408935547,277.5,8.235600471496582,N/A,15974,10.620800018310547,1.8564000129699707,0.28376999497413635
2019,9,19,18,0,0.8460620045661926,8.917099952697754,277.5,8.068099975585938,N/A,13827,9.655200004577637,1.7383300065994263,0.294730007648468
2019,9,19,21,0,0.8431439995765686,8.819199562072754,277.5,7.94890022277832,N/A,12193,9.655200004577637,1.6424800157546997,0.3010300099849701
2019,9,20,0,0,0.8465669751167297,8.784500122070312,277.5,7.903500080108643,N/A,11525,9.655200004577637,1.6009299755096436,0.3078100085258484
2019,9,20,3,0,0.8438990116119385,8.770400047302246,272.5,7.830900192260742,N/A,10723,9.655200004577637,1.5445599555969238,0.32771000266075134
2019,9,20,6,0,0.8418459892272949,8.677300453186035,272.5,7.610599994659424,N/A,10024,9.655200004577637,1.499709963798523,0.35642001032829285
2019,9,20,9,0,0.838890016078949,8.460100173950195,272.5,7.314799785614014,N/A,9355,8.77750015258789,1.4673700332641602,0.3763499855995178
2019,9,20,12,0,0.8377569913864136,8.277600288391113,272.5,7.1066999435424805,N/A,8784,8.77750015258789,1.4378700256347656,0.38589999079704285
2019,9,20,15,0,0.8325780034065247,8.258600234985352,272.5,7.04449987411499,N/A,7917,8.77750015258789,1.3653500080108643,0.3932900130748749
2019,9,20,18,0,0.8260160088539124,8.291099548339844,272.5,7.043000221252441,N/A,7236,8.77750015258789,1.3013900518417358,0.3937099874019623
2019,9,20,21,0,0.822845995426178,8.584500312805176,272.5,7.222700119018555,N/A,7131,10.620800018310547,1.2657699584960938,0.39024999737739563
2019,9,21,0,0,0.8417310118675232,9.038200378417969,277.5,7.610599994659424,N/A,8832,10.620800018310547,1.3701200485229492,0.3664399981498718
2019,9,21,3,0,0.8627439737319946,9.428000450134277,282.5,8.070199966430664,N/A,10903,10.620800018310547,1.486840009689331,0.3486100137233734
2019,9,21,6,0,0.8780339956283569,9.843199729919434,282.5,8.559200286865234,N/A,12864,10.620800018310547,1.5746300220489502,0.3304300010204315
2019,9,21,9,0,0.8887680172920227,10.132599830627441,287.5,8.94629955291748,N/A,14275,12.851200103759766,1.6315200328826904,0.3081200122833252
2019,9,21,12,0,0.8944780230522156,10.27929973602295,287.5,9.201000213623047,N/A,14802,11.682900428771973,1.6488699913024902,0.28867000341415405
2019,9,21,15,0,0.8932470083236694,10.302200317382812,282.5,9.286100387573242,N/A,14230,11.682900428771973,1.6159199476242065,0.2794399857521057
2019,9,21,18,0,0.8793439865112305,9.896499633789062,282.5,8.061300277709961,N/A,12597,11.682900428771973,1.5535399913787842,0.3281700015068054
2019,9,21,21,0,0.8669940233230591,9.559100151062012,282.5,7.405099868774414,N/A,11770,11.682900428771973,1.5287699699401855,0.368010014295578
2019,9,22,0,0,0.8469359874725342,9.065400123596191,277.5,6.603600025177002,N/A,12304,11.682900428771973,1.604099988937378,0.42862001061439514
2019,9,22,3,0,0.8502489924430847,8.984299659729004,282.5,6.616600036621094,N/A,16268,11.682900428771973,1.8515499830245972,0.43417999148368835
2019,9,22,6,0,0.8623499870300293,8.999300003051758,282.5,6.876699924468994,N/A,23082,11.682900428771973,2.2056400775909424,0.41446998715400696
2019,9,22,9,0,0.8773800134658813,9.164400100708008,277.5,7.30810022354126,N/A,29322,11.682900428771973,2.4680399894714355,0.3777799904346466
2019,9,22,12,0,0.8564919829368591,8.790800094604492,272.5,7.16480016708374,N/A,34679,11.682900428771973,2.7553200721740723,0.37160998582839966
2019,9,22,15,0,0.8779600262641907,9.287599563598633,267.5,8.253399848937988,N/A,32784,11.682900428771973,2.6079699993133545,0.30720001459121704
2019,9,22,18,0,0.8892490267753601,9.399700164794922,267.5,8.434100151062012,N/A,27509,10.620800018310547,2.3742098808288574,0.30263999104499817
2019,9,22,21,0,0.9059309959411621,9.027899742126465,267.5,8.026000022888184,N/A,25990,10.620800018310547,2.361759901046753,0.3235499858856201
2019,9,23,0,0,0.9179909825325012,8.439599990844727,272.5,7.219399929046631,N/A,28968,10.620800018310547,2.590049982070923,0.3549700081348419
2019,9,23,3,0,0.9263079762458801,8.646599769592285,272.5,7.709400177001953,N/A,36348,8.77750015258789,2.871690034866333,0.31275999546051025
2019,9,23,6,0,0.9282500147819519,8.930700302124023,277.5,8.071499824523926,N/A,33752,9.655200004577637,2.71875,0.29809999465942383
2019,9,23,9,0,0.9265289902687073,8.813899993896484,277.5,7.831200122833252,N/A,30170,8.77750015258789,2.585829973220825,0.31742000579833984
2019,9,23,12,0,0.9213150143623352,8.89739990234375,277.5,7.851600170135498,N/A,24433,8.77750015258789,2.3083701133728027,0.33528000116348267
2019,9,23,15,0,0.9126520156860352,9.108799934387207,277.5,7.931099891662598,N/A,19328,9.655200004577637,2.02020001411438,0.35047000646591187
2019,9,23,18,0,0.904358983039856,9.231200218200684,272.5,7.3302001953125,N/A,19035,9.655200004577637,1.9813100099563599,0.38701000809669495
2019,9,23,21,0,0.8482249975204468,8.177300453186035,272.5,6.1184000968933105,N/A,21169,11.682900428771973,2.2270100116729736,0.4688299894332886
2019,9,24,0,0,0.7868819832801819,7.515900135040283,257.5,5.816100120544434,N/A,24506,11.682900428771973,2.5172901153564453,0.4686700105667114
2019,9,24,3,0,0.7766129970550537,7.912099838256836,252.5,6.613800048828125,N/A,30354,7.979499816894531,2.7387399673461914,0.39364001154899597
2019,9,24,6,0,0.8185269832611084,9.045299530029297,267.5,7.998700141906738,N/A,30771,10.620800018310547,2.565040111541748,0.32433000206947327
2019,9,24,9,0,0.8505690097808838,9.264800071716309,272.5,8.100700378417969,N/A,28591,10.620800018310547,2.438430070877075,0.32148998975753784
2019,9,24,12,0,0.8717949986457825,9.417900085449219,272.5,8.325300216674805,N/A,28355,10.620800018310547,2.4065399169921875,0.30970999598503113
2019,9,24,15,0,0.8878340125083923,9.676899909973145,272.5,8.746000289916992,N/A,27947,10.620800018310547,2.355410099029541,0.28404998779296875
2019,9,24,18,0,0.8928409814834595,9.751500129699707,272.5,8.861499786376953,N/A,25715,10.620800018310547,2.2497799396514893,0.2793700098991394
2019,9,24,21,0,0.9047200083732605,9.97920036315918,272.5,9.076600074768066,N/A,26041,10.620800018310547,2.2315399646759033,0.2757599949836731
2019,9,25,0,0,0.9145209789276123,10.205900192260742,272.5,9.314299583435059,N/A,28236,11.682900428771973,2.2920799255371094,0.2700499892234802
2019,9,25,3,0,0.9183570146560669,10.601300239562988,277.5,9.356800079345703,N/A,31616,11.682900428771973,2.3644299507141113,0.2956100106239319
2019,9,25,6,0,0.9317489862442017,11.1003999710083,282.5,9.027899742126465,N/A,46321,15.550000190734863,2.7652499675750732,0.34334999322891235
2019,9,25,9,0,0.9393799901008606,11.087699890136719,282.5,9.06149959564209,N/A,58639,15.550000190734863,3.1055901050567627,0.34797999262809753
2019,9,25,12,0,0.9441890120506287,11.384200096130371,282.5,9.83590030670166,N/A,60852,14.136300086975098,3.1207900047302246,0.3059299886226654
2019,9,25,15,0,0.9436659812927246,11.449299812316895,282.5,10.159500122070312,N/A,55450,14.136300086975098,2.9739699363708496,0.2812100052833557
2019,9,25,18,0,0.9420269727706909,11.48289966583252,282.5,10.312199592590332,N/A,48760,14.136300086975098,2.786679983139038,0.26919999718666077
2019,9,25,21,0,0.947172999382019,11.484100341796875,282.5,10.504300117492676,N/A,46402,12.851200103759766,2.722939968109131,0.2502500116825104
2019,9,26,0,0,0.9469580054283142,11.35319995880127,282.5,10.471500396728516,N/A,40578,12.851200103759766,2.567039966583252,0.2432200014591217
2019,9,26,3,0,0.942454993724823,10.971599578857422,282.5,9.525199890136719,N/A,33963,12.851200103759766,2.397020101547241,0.2691900134086609
2019,9,26,6,0,0.9024199843406677,8.464300155639648,272.5,6.6616997718811035,N/A,38966,12.851200103759766,2.9680700302124023,0.4223499894142151
2019,9,26,9,0,0.9128389954566956,8.42770004272461,272.5,7.335899829864502,N/A,54142,8.77750015258789,3.544029951095581,0.33340001106262207
2019,9,26,12,0,0.9153140187263489,8.559700012207031,277.5,7.539400100708008,N/A,49420,8.77750015258789,3.3620901107788086,0.3170199990272522
2019,9,26,15,0,0.9213579893112183,9.01159954071045,282.5,8.222200393676758,N/A,48101,9.655200004577637,3.230639934539795,0.2743400037288666
2019,9,26,18,0,0.9322280287742615,9.418700218200684,282.5,8.726200103759766,N/A,46525,9.655200004577637,3.1010100841522217,0.2499600052833557
2019,9,26,21,0,0.9408969879150391,9.49489974975586,282.5,8.787799835205078,N/A,43210,10.620800018310547,2.9751501083374023,0.24961000680923462
2019,9,27,0,0,0.9444500207901001,9.068300247192383,282.5,8.125699996948242,N/A,40542,9.655200004577637,2.956439971923828,0.28380000591278076
2019,9,27,3,0,0.9424269795417786,8.86709976196289,282.5,8.009400367736816,N/A,54456,9.655200004577637,3.4742400646209717,0.27682000398635864
2019,9,27,6,0,0.9396629929542542,8.750499725341797,287.5,7.905600070953369,N/A,53230,9.655200004577637,3.4626998901367188,0.27818000316619873
2019,9,27,9,0,0.9355270266532898,8.525099754333496,287.5,7.635000228881836,N/A,47570,9.655200004577637,3.3209400177001953,0.291949987411499
2019,9,27,12,0,0.9321560263633728,8.291500091552734,282.5,7.328100204467773,N/A,40127,9.655200004577637,3.0963799953460693,0.3096199929714203
2019,9,27,15,0,0.9239969849586487,7.867199897766113,287.5,6.945700168609619,N/A,40743,8.77750015258789,3.212630033493042,0.32027000188827515
2019,9,27,18,0,0.917156994342804,7.754700183868408,287.5,6.8292999267578125,N/A,38775,8.77750015258789,3.157819986343384,0.3326599895954132
2019,9,27,21,0,0.9169099926948547,7.950900077819824,287.5,7.032800197601318,N/A,41095,8.77750015258789,3.2076001167297363,0.32982000708580017
2019,9,28,0,0,0.919700026512146,8.297699928283691,282.5,7.36269998550415,N/A,36097,8.77750015258789,2.935379981994629,0.329120010137558
2019,9,28,3,0,0.9245010018348694,8.780799865722656,282.5,7.905300140380859,N/A,30726,9.655200004577637,2.6244900226593018,0.31240999698638916
2019,9,28,6,0,0.9301260113716125,9.140800476074219,282.5,8.345800399780273,N/A,28909,9.655200004577637,2.4888999462127686,0.2909800112247467
2019,9,28,9,0,0.9300580024719238,9.33430004119873,282.5,8.575300216674805,N/A,27219,9.655200004577637,2.385699987411499,0.27987998723983765
2019,9,28,12,0,0.9221180081367493,9.383600234985352,282.5,8.611300468444824,N/A,24232,9.655200004577637,2.2428300380706787,0.2828899919986725
2019,9,28,15,0,0.9153879880905151,9.51140022277832,282.5,8.693699836730957,N/A,22713,9.655200004577637,2.1524500846862793,0.28832000494003296
2019,9,28,18,0,0.9108750224113464,9.637399673461914,282.5,8.760499954223633,N/A,21868,9.655200004577637,2.0941898822784424,0.29447001218795776
2019,9,28,21,0,0.906902015209198,9.72439956665039,282.5,8.84160041809082,N/A,21640,9.655200004577637,2.0715301036834717,0.298660010099411
2019,9,29,0,0,0.9011049866676331,9.756400108337402,282.5,8.860400199890137,N/A,20534,9.655200004577637,2.0132598876953125,0.3053799867630005
2019,9,29,3,0,0.8918840289115906,9.742300033569336,282.5,8.777400016784668,N/A,18519,9.655200004577637,1.9124699831008911,0.31679001450538635
2019,9,29,6,0,0.8757179975509644,9.619999885559082,282.5,8.475700378417969,N/A,15146,9.655200004577637,1.7396299839019775,0.34442999958992004
2019,9,29,9,0,0.8671519756317139,9.647199630737305,282.5,8.375200271606445,N/A,13130,9.655200004577637,1.6158499717712402,0.3548400104045868
2019,9,29,12,0,0.865788996219635,8.991000175476074,282.5,6.992499828338623,N/A,15577,9.655200004577637,1.8298499584197998,0.3960399925708771
2019,9,29,15,0,0.8654530048370361,8.938899993896484,282.5,7.130499839782715,N/A,16088,9.655200004577637,1.8673299551010132,0.381879985332489
2019,9,29,18,0,0.8536289930343628,8.974100112915039,282.5,7.206299781799316,N/A,14660,9.655200004577637,1.7775599956512451,0.3814600110054016
2019,9,29,21,0,0.8499130010604858,9.237000465393066,282.5,7.704500198364258,N/A,13615,9.655200004577637,1.685289978981018,0.3630000054836273
2019,9,30,0,0,0.8460749983787537,9.639900207519531,277.5,8.447600364685059,N/A,12609,8.77750015258789,1.5811799764633179,0.3478100001811981
2019,9,30,3,0,0.8377829790115356,9.847599983215332,272.5,8.673100471496582,N/A,11749,8.77750015258789,1.5056899785995483,0.3522599935531616
2019,9,30,6,0,0.8245850205421448,9.940500259399414,267.5,8.601300239562988,N/A,10276,8.77750015258789,1.3970099687576294,0.3727099895477295
2019,9,30,9,0,0.813264012336731,9.814000129699707,267.5,7.596799850463867,N/A,8986,17.104999542236328,1.3084399700164795,0.4295499920845032
2019,9,30,12,0,0.8171499967575073,10.050399780273438,262.5,7.669000148773193,N/A,8120,17.104999542236328,1.2228699922561646,0.44020000100135803
2019,9,30,15,0,0.823265016078949,10.236000061035156,257.5,7.8445000648498535,N/A,7671,17.104999542236328,1.1743600368499756,0.4387100040912628
2019,9,30,18,0,0.8277480006217957,10.494999885559082,252.5,8.23449993133545,N/A,7371,17.104999542236328,1.1337000131607056,0.42800000309944153
2019,9,30,21,0,0.8330640196800232,10.750200271606445,252.5,8.335800170898438,N/A,7337,15.550000190734863,1.1145800352096558,0.4192200005054474
2019,10,1,0,0,0.8319630026817322,10.020299911499023,252.5,6.54449987411499,N/A,7492,15.550000190734863,1.1663800477981567,0.4986799955368042
2019,10,1,3,0,0.8253790140151978,9.445599555969238,252.5,5.921599864959717,N/A,7689,15.550000190734863,1.2180900573730469,0.5476800203323364
2019,10,1,6,0,0.833532989025116,10.105899810791016,247.5,6.755300045013428,N/A,7501,15.550000190734863,1.1603200435638428,0.49549999833106995
2019,10,1,9,0,0.842136025428772,10.521300315856934,247.5,7.087800025939941,N/A,7293,15.550000190734863,1.119480013847351,0.4690000116825104
2019,10,1,12,0,0.8483669757843018,10.392800331115723,247.5,7.067299842834473,N/A,7360,15.550000190734863,1.132159948348999,0.4791199862957001
2019,10,1,15,0,0.8533539772033691,10.533499717712402,247.5,7.301300048828125,N/A,7348,15.550000190734863,1.1233500242233276,0.46942999958992004
2019,10,1,18,0,0.8573870062828064,10.979000091552734,247.5,7.776599884033203,N/A,7159,15.550000190734863,1.0845199823379517,0.4404299855232239
2019,10,1,21,0,0.8617630004882812,11.286299705505371,242.5,7.920499801635742,N/A,6970,14.136300086975098,1.0543500185012817,0.42252999544143677
2019,10,2,0,0,0.8645780086517334,11.543999671936035,242.5,8.262999534606934,N/A,6815,14.136300086975098,1.0302900075912476,0.40369001030921936
2019,10,2,3,0,0.8662980198860168,11.843500137329102,242.5,8.894100189208984,N/A,6737,14.136300086975098,1.0108400583267212,0.377020001411438
2019,10,2,6,0,0.8684830069541931,11.97920036315918,242.5,9.17549991607666,N/A,6696,14.136300086975098,1.0019199848175049,0.3645699918270111
2019,10,2,9,0,0.8715839982032776,11.818699836730957,237.5,9.047699928283691,N/A,6684,14.136300086975098,1.0086400508880615,0.3735400140285492
2019,10,2,12,0,0.874055027961731,11.231300354003906,242.5,8.563400268554688,N/A,6931,14.136300086975098,1.0569100379943848,0.40349000692367554
2019,10,2,15,0,0.8709409832954407,10.320699691772461,242.5,8.093700408935547,N/A,8023,14.136300086975098,1.1953699588775635,0.4255400002002716
2019,10,2,18,0,0.866927981376648,9.64210033416748,252.5,7.961900234222412,N/A,10298,14.136300086975098,1.4160799980163574,0.40672001242637634
2019,10,2,21,0,0.8732540011405945,9.288399696350098,257.5,7.853300094604492,N/A,13054,9.655200004577637,1.6379400491714478,0.3792400062084198
2019,10,3,0,0,0.876725971698761,8.288599967956543,247.5,6.627500057220459,N/A,15688,8.77750015258789,1.9128199815750122,0.4315800070762634
2019,10,3,3,0,0.8743410110473633,8.33240032196045,237.5,6.814700126647949,N/A,15603,8.77750015258789,1.9047399759292603,0.4153600037097931
2019,10,3,6,0,0.8517820239067078,7.624899864196777,227.5,5.893400192260742,N/A,15609,7.979499816894531,1.9967900514602661,0.46672001481056213
2019,10,3,9,0,0.8181750178337097,7.548600196838379,222.5,6.114500045776367,N/A,17415,7.979499816894531,2.12677001953125,0.43226000666618347
2019,10,3,12,0,0.8238319754600525,8.3818998336792,242.5,7.358799934387207,N/A,19484,8.77750015258789,2.1346399784088135,0.3427099883556366
2019,10,3,15,0,0.8629080057144165,8.284199714660645,252.5,7.231299877166748,N/A,24804,8.77750015258789,2.4268600940704346,0.3353300094604492
2019,10,3,18,0,0.8594220280647278,8.467399597167969,262.5,7.217100143432617,N/A,24185,8.77750015258789,2.3610100746154785,0.3531399965286255
2019,10,3,21,0,0.8650739789009094,8.970399856567383,272.5,7.5680999755859375,N/A,29272,9.655200004577637,2.505280017852783,0.35526999831199646
2019,10,4,0,0,0.8843989968299866,9.638799667358398,277.5,8.490799903869629,N/A,33627,12.851200103759766,2.5769200325012207,0.3142099976539612
2019,10,4,3,0,0.884988009929657,9.767800331115723,282.5,8.33240032196045,N/A,34194,11.682900428771973,2.5750999450683594,0.32113000750541687
2019,10,4,6,0,0.872868001461029,9.616499900817871,282.5,7.868299961090088,N/A,32083,11.682900428771973,2.512239933013916,0.34599998593330383
2019,10,4,9,0,0.8561850190162659,9.167200088500977,277.5,7.392000198364258,N/A,29797,11.682900428771973,2.485690116882324,0.37404999136924744
2019,10,4,12,0,0.867671012878418,9.343999862670898,277.5,8.05459976196289,N/A,27318,11.682900428771973,2.3619799613952637,0.3323499858379364
2019,10,4,15,0,0.875980019569397,9.564599990844727,282.5,8.37399959564209,N/A,23579,11.682900428771973,2.1686999797821045,0.31036001443862915
2019,10,4,18,0,0.8817660212516785,9.591699600219727,282.5,8.355299949645996,N/A,20465,11.682900428771973,2.01993989944458,0.3027999997138977
2019,10,4,21,0,0.8847460150718689,9.390899658203125,282.5,8.05679988861084,N/A,18537,10.620800018310547,1.948580026626587,0.30768001079559326
2019,10,5,0,0,0.8804699778556824,9.428099632263184,282.5,8.291799545288086,N/A,16258,10.620800018310547,1.8245400190353394,0.2894900143146515
2019,10,5,3,0,0.8716490268707275,9.443699836730957,282.5,8.492899894714355,N/A,14458,10.620800018310547,1.7215900421142578,0.2766000032424927
2019,10,5,6,0,0.8607850074768066,9.3927001953125,282.5,8.527199745178223,N/A,12902,10.620800018310547,1.632680058479309,0.27504000067710876
2019,10,5,9,0,0.8520249724388123,9.280500411987305,277.5,8.451499938964844,N/A,11486,9.655200004577637,1.5516200065612793,0.27963998913764954
2019,10,5,12,0,0.8456349968910217,9.138699531555176,277.5,8.316200256347656,N/A,10076,9.655200004577637,1.466189980506897,0.28672000765800476
2019,10,5,15,0,0.8392350077629089,9.037300109863281,277.5,8.213700294494629,N/A,8988,9.655200004577637,1.3933099508285522,0.29295000433921814
2019,10,5,18,0,0.8280860185623169,8.983699798583984,277.5,8.1072998046875,N/A,7803,9.655200004577637,1.3006900548934937,0.3079499900341034
2019,10,5,21,0,0.8286229968070984,9.029600143432617,272.5,8.079999923706055,N/A,7342,8.77750015258789,1.2548099756240845,0.32548001408576965
2019,10,6,0,0,0.8364760279655457,9.254199981689453,272.5,8.184700012207031,N/A,7482,8.77750015258789,1.2442100048065186,0.3409300148487091
2019,10,6,3,0,0.858847975730896,9.637200355529785,267.5,8.461799621582031,N/A,8301,12.851200103759766,1.2766400575637817,0.3378399908542633
2019,10,6,6,0,0.8846780061721802,9.935199737548828,267.5,8.752400398254395,N/A,9483,12.851200103759766,1.34089994430542,0.31843000650405884
2019,10,6,9,0,0.9028189778327942,9.974699974060059,267.5,8.883199691772461,N/A,10341,11.682900428771973,1.4008100032806396,0.29815998673439026
2019,10,6,12,0,0.913902997970581,9.851400375366211,267.5,8.877799987792969,N/A,10813,11.682900428771973,1.4472600221633911,0.28466999530792236
2019,10,6,15,0,0.9206519722938538,9.72760009765625,262.5,8.851799964904785,N/A,11297,10.620800018310547,1.4932500123977661,0.27685999870300293
2019,10,6,18,0,0.9267510175704956,9.7701997756958,257.5,8.972700119018555,N/A,12654,10.620800018310547,1.5783400535583496,0.265529990196228
2019,10,6,21,0,0.9325460195541382,9.86359977722168,252.5,9.11460018157959,N/A,14005,10.620800018310547,1.6521899700164795,0.2571299970149994
2019,10,7,0,0,0.9355509877204895,9.88700008392334,252.5,9.138299942016602,N/A,13935,10.620800018310547,1.6453499794006348,0.2594299912452698
2019,10,7,3,0,0.936568021774292,9.868599891662598,247.5,9.09469985961914,N/A,12996,10.620800018310547,1.5897400379180908,0.2659299969673157
2019,10,7,6,0,0.9371730089187622,9.747300148010254,247.5,8.945500373840332,N/A,12108,9.655200004577637,1.5446499586105347,0.2747099995613098
2019,10,7,9,0,0.9252189993858337,8.6048002243042,252.5,6.571000099182129,N/A,13682,9.655200004577637,1.754930019378662,0.38732999563217163
2019,10,7,12,0,0.9164379835128784,7.802199840545654,252.5,6.617499828338623,N/A,22414,8.77750015258789,2.381589889526367,0.3578000068664551
2019,10,7,15,0,0.9194899797439575,7.923299789428711,252.5,6.973800182342529,N/A,27694,8.77750015258789,2.633080005645752,0.3198600113391876
2019,10,7,18,0,0.9184579849243164,7.669099807739258,252.5,6.736000061035156,N/A,28153,8.77750015258789,2.7026400566101074,0.3283100128173828
2019,10,7,21,0,0.912697970867157,7.6479997634887695,252.5,6.604800224304199,N/A,23214,8.77750015258789,2.4542601108551025,0.3503600060939789
2019,10,8,0,0,0.8989440202713013,7.532899856567383,252.5,6.409999847412109,N/A,20534,8.77750015258789,2.324810028076172,0.3697800040245056
2019,10,8,3,0,0.8752790093421936,7.154900074005127,262.5,6.098599910736084,N/A,20968,8.77750015258789,2.415910005569458,0.37525999546051025
2019,10,8,6,0,0.868153989315033,7.10260009765625,267.5,6.166999816894531,N/A,23082,7.979499816894531,2.5495500564575195,0.34992000460624695
2019,10,8,9,0,0.8657119870185852,7.190800189971924,272.5,6.2778000831604,N/A,22114,7.979499816894531,2.4807400703430176,0.3394399881362915
2019,10,8,12,0,0.8711040019989014,7.224999904632568,272.5,6.285799980163574,N/A,21839,7.979499816894531,2.458930015563965,0.3415899872779846
2019,10,8,15,0,0.8895609974861145,7.469200134277344,282.5,6.600599765777588,N/A,31316,7.979499816894531,2.897710084915161,0.3129599988460541
2019,10,8,18,0,0.9032880067825317,8.008099555969238,282.5,7.1143999099731445,N/A,34173,8.77750015258789,2.9133999347686768,0.30202001333236694
2019,10,8,21,0,0.9121959805488586,8.667499542236328,287.5,7.756999969482422,N/A,31022,9.655200004577637,2.652509927749634,0.29175999760627747
2019,10,9,0,0,0.9197649955749512,9.138199806213379,287.5,8.329899787902832,N/A,30873,9.655200004577637,2.5680699348449707,0.2695299983024597
2019,10,9,3,0,0.9234169721603394,9.392399787902832,287.5,8.619099617004395,N/A,30487,10.620800018310547,2.5104899406433105,0.26096001267433167
2019,10,9,6,0,0.9250209927558899,9.473699569702148,287.5,8.75220012664795,N/A,29545,10.620800018310547,2.4598300457000732,0.25249001383781433
2019,10,9,9,0,0.9217939972877502,9.471500396728516,287.5,8.78969955444336,N/A,26861,10.620800018310547,2.347090005874634,0.2474599927663803
2019,10,9,12,0,0.9124559760093689,9.401700019836426,287.5,8.720800399780273,N/A,23108,10.620800018310547,2.1867899894714355,0.25016000866889954
2019,10,9,15,0,0.8962079882621765,9.297900199890137,287.5,8.596099853515625,N/A,19120,9.655200004577637,2.001650094985962,0.2584899961948395
2019,10,9,18,0,0.8749650120735168,9.202099800109863,287.5,8.492300033569336,N/A,15608,9.655200004577637,1.8184000253677368,0.27052000164985657
2019,10,9,21,0,0.8501560091972351,9.118399620056152,282.5,8.36050033569336,N/A,12752,9.655200004577637,1.6504000425338745,0.28951001167297363
2019,10,10,0,0,0.8238540291786194,9.058099746704102,282.5,8.213399887084961,N/A,10321,8.77750015258789,1.4876199960708618,0.3145900070667267
2019,10,10,3,0,0.8016980290412903,9.022500038146973,277.5,7.967400074005127,N/A,8526,8.77750015258789,1.351930022239685,0.34084999561309814
2019,10,10,6,0,0.7865189909934998,8.937600135803223,272.5,7.613399982452393,N/A,7211,8.77750015258789,1.2466399669647217,0.3678799867630005
2019,10,10,9,0,0.7786239981651306,9.022000312805176,267.5,7.726600170135498,N/A,6252,8.77750015258789,1.1523200273513794,0.3738499879837036
2019,10,10,12,0,0.7767549753189087,9.136099815368652,262.5,7.819300174713135,N/A,5574,7.979499816894531,1.078220009803772,0.37744998931884766
2019,10,10,15,0,0.7792119979858398,9.245499610900879,257.5,7.875199794769287,N/A,4997,14.136300086975098,1.0120799541473389,0.3804999887943268
2019,10,10,18,0,0.786083996295929,9.395600318908691,252.5,7.948400020599365,N/A,4560,14.136300086975098,0.9563599824905396,0.3826099932193756
2019,10,10,21,0,0.7963770031929016,9.550600051879883,247.5,8.019700050354004,N/A,4159,14.136300086975098,0.9037500023841858,0.3845899999141693
2019,10,11,0,0,0.8095049858093262,9.712400436401367,247.5,8.071900367736816,N/A,3822,14.136300086975098,0.8569899797439575,0.3895399868488312
2019,10,11,3,0,0.8237890005111694,9.799500465393066,242.5,7.646500110626221,N/A,3622,14.136300086975098,0.8284800052642822,0.40922999382019043
2019,10,11,6,0,0.8242390155792236,9.359999656677246,242.5,6.242599964141846,N/A,3562,14.136300086975098,0.8392000198364258,0.48370999097824097
2019,10,11,9,0,0.8382700085639954,9.68589973449707,242.5,6.514500141143799,N/A,3419,14.136300086975098,0.8062499761581421,0.4708400070667267
2019,10,11,12,0,0.8383600115776062,9.397100448608398,237.5,5.789599895477295,N/A,3257,14.136300086975098,0.7984700202941895,0.5131999850273132
2019,10,11,15,0,0.8293110132217407,8.975000381469727,237.5,5.3171000480651855,N/A,3055,14.136300086975098,0.7917100191116333,0.5547099709510803
2019,10,11,18,0,0.8506590127944946,9.50059986114502,232.5,5.942599773406982,N/A,2722,14.136300086975098,0.7255200147628784,0.5023499727249146
2019,10,11,21,0,0.8809580206871033,10.342000007629395,232.5,7.274099826812744,N/A,2433,14.136300086975098,0.6564599871635437,0.41710999608039856
2019,10,12,0,0,0.8824049830436707,10.743900299072266,232.5,8.29170036315918,N/A,2492,12.851200103759766,0.6510499715805054,0.3735699951648712
2019,10,12,3,0,0.8593800067901611,11.035300254821777,242.5,8.975099563598633,N/A,3293,12.851200103759766,0.7386400103569031,0.3338100016117096
2019,10,12,6,0,0.8805519938468933,10.9197998046875,257.5,9.538100242614746,N/A,5324,12.851200103759766,0.952019989490509,0.27386000752449036
2019,10,12,9,0,0.9120529890060425,10.410599708557129,257.5,9.421099662780762,N/A,7541,10.620800018310547,1.1722099781036377,0.24884000420570374
2019,10,12,12,0,0.9277629852294922,9.887999534606934,257.5,9.058799743652344,N/A,8684,10.620800018310547,1.2999000549316406,0.2521800100803375
2019,10,12,15,0,0.9342569708824158,9.462800025939941,252.5,8.693499565124512,N/A,8693,9.655200004577637,1.3342000246047974,0.2706100046634674
2019,10,12,18,0,0.9350839853286743,9.18649959564209,247.5,8.376999855041504,N/A,8114,9.655200004577637,1.3086299896240234,0.2970600128173828
2019,10,12,21,0,0.9351810216903687,9.054699897766113,247.5,8.168999671936035,N/A,7508,8.77750015258789,1.2661099433898926,0.3221200108528137
2019,10,13,0,0,0.9199010133743286,9.055800437927246,247.5,8.121800422668457,N/A,7592,8.77750015258789,1.2714600563049316,0.3310700058937073
2019,10,13,3,0,0.8836159706115723,9.199600219726562,262.5,8.416999816894531,N/A,11272,8.77750015258789,1.5402100086212158,0.29111000895500183
2019,10,13,6,0,0.8896300196647644,9.467900276184082,277.5,8.755399703979492,N/A,16420,11.682900428771973,1.8309099674224854,0.2630699872970581
2019,10,13,9,0,0.8995980024337769,9.600500106811523,282.5,8.878600120544434,N/A,18580,10.620800018310547,1.932289958000183,0.2587200105190277
2019,10,13,12,0,0.9060680270195007,9.418100357055664,287.5,8.583499908447266,N/A,20374,10.620800018310547,2.0428199768066406,0.28130000829696655
2019,10,13,15,0,0.9072070121765137,9.262499809265137,287.5,8.240599632263184,N/A,21505,10.620800018310547,2.1139299869537354,0.3089999854564667
2019,10,13,18,0,0.9032750129699707,9.244600296020508,287.5,8.151200294494629,N/A,21195,11.682900428771973,2.0982398986816406,0.3200699985027313
2019,10,13,21,0,0.9042230248451233,9.085399627685547,287.5,7.827600002288818,N/A,21516,11.682900428771973,2.1361000537872314,0.33122000098228455
2019,10,14,0,0,0.9086880087852478,8.621299743652344,287.5,7.335400104522705,N/A,21937,11.682900428771973,2.2231099605560303,0.34933000802993774
2019,10,14,3,0,0.9092710018157959,8.548100471496582,287.5,7.4008002281188965,N/A,19253,11.682900428771973,2.094909906387329,0.3453899919986725
2019,10,14,6,0,0.909919023513794,8.611499786376953,292.5,7.504899978637695,N/A,16379,11.682900428771973,1.9248499870300293,0.35701999068260193
2019,10,14,9,0,0.9074500203132629,8.771699905395508,292.5,7.564199924468994,N/A,14098,11.682900428771973,1.7665400505065918,0.37494000792503357
2019,10,14,12,0,0.9008510112762451,8.929300308227539,292.5,7.639400005340576,N/A,12676,11.682900428771973,1.6572599411010742,0.3723599910736084
2019,10,14,15,0,0.890097975730896,9.147899627685547,287.5,7.809700012207031,N/A,11760,10.620800018310547,1.5753999948501587,0.366210013628006
2019,10,14,18,0,0.8798609972000122,9.422900199890137,287.5,8.092100143432617,N/A,11296,10.620800018310547,1.5202399492263794,0.36482998728752136
2019,10,14,21,0,0.8662530183792114,9.6697998046875,287.5,8.326800346374512,N/A,10687,10.620800018310547,1.4578499794006348,0.37509000301361084
2019,10,15,0,0,0.8518679738044739,9.874500274658203,282.5,8.45199966430664,N/A,9662,10.620800018310547,1.3689299821853638,0.39403998851776123
2019,10,15,3,0,0.8418830037117004,9.95009994506836,277.5,8.48069953918457,N/A,8600,9.655200004577637,1.2848700284957886,0.40443000197410583
2019,10,15,6,0,0.8417990207672119,10.225500106811523,272.5,8.483400344848633,N/A,7632,9.655200004577637,1.1892800331115723,0.43904998898506165
2019,10,15,9,0,0.8552790284156799,10.085000038146973,272.5,8.133500099182129,N/A,7282,9.655200004577637,1.1669299602508545,0.4639500081539154
2019,10,15,12,0,0.9192410111427307,10.292200088500977,272.5,8.548500061035156,N/A,12991,12.851200103759766,1.5381900072097778,0.4008899927139282
2019,10,15,15,0,0.9490569829940796,10.239100456237793,267.5,8.471799850463867,N/A,29959,12.851200103759766,2.3434500694274902,0.3506599962711334
2019,10,15,18,0,0.9123989939689636,9.469099998474121,257.5,7.578700065612793,N/A,38522,11.682900428771973,2.777060031890869,0.38721001148223877
2019,10,15,21,0,0.8343570232391357,8.548999786376953,242.5,6.906499862670898,N/A,47002,11.682900428771973,3.2559499740600586,0.4125800132751465
2019,10,16,0,0,0.8461549878120422,9.036600112915039,237.5,7.717700004577637,N/A,61255,11.682900428771973,3.6187400817871094,0.3508400022983551
2019,10,16,3,0,0.8562769889831543,9.157500267028809,232.5,7.8881001472473145,N/A,67016,10.620800018310547,3.7588000297546387,0.3353300094604492
2019,10,16,6,0,0.8568840026855469,9.061100006103516,227.5,7.820099830627441,N/A,57930,10.620800018310547,3.520400047302246,0.33250001072883606
2019,10,16,9,0,0.8450239896774292,8.766799926757812,222.5,7.430300235748291,N/A,53212,10.620800018310547,3.4388198852539062,0.3505699932575226
2019,10,16,12,0,0.8354799747467041,8.76259994506836,222.5,7.481500148773193,N/A,51682,9.655200004577637,3.3903400897979736,0.3562600016593933
2019,10,16,15,0,0.7841590046882629,8.820300102233887,227.5,7.1875,N/A,58521,9.655200004577637,3.571690082550049,0.4127199947834015
2019,10,16,18,0,0.7761669754981995,9.396499633789062,232.5,7.890900135040283,N/A,76388,8.77750015258789,3.9304699897766113,0.38510000705718994
2019,10,16,21,0,0.799472987651825,10.609100341796875,247.5,9.407699584960938,N/A,87683,14.136300086975098,3.924989938735962,0.3177500069141388
2019,10,17,0,0,0.8192520141601562,10.944299697875977,252.5,9.955100059509277,N/A,79980,12.851200103759766,3.6858599185943604,0.2824000120162964
2019,10,17,3,0,0.8228949904441833,10.818900108337402,252.5,9.771699905395508,N/A,68191,12.851200103759766,3.4279699325561523,0.28598999977111816
2019,10,17,6,0,0.8340790271759033,10.665499687194824,252.5,9.126199722290039,N/A,65776,12.851200103759766,3.3857100009918213,0.3282099962234497
2019,10,17,9,0,0.8551620244979858,10.704999923706055,257.5,8.629599571228027,N/A,89611,15.550000190734863,3.922379970550537,0.38168999552726746
2019,10,17,12,0,0.8799489736557007,11.240099906921387,262.5,9.456999778747559,N/A,131453,15.550000190734863,4.622869968414307,0.35905998945236206
2019,10,17,15,0,0.9183700084686279,12.527999877929688,267.5,10.913399696350098,N/A,168129,15.550000190734863,4.91048002243042,0.3173600137233734
2019,10,17,18,0,0.9369069933891296,13.459699630737305,267.5,12.020899772644043,N/A,194416,15.550000190734863,5.062689781188965,0.2829799950122833
2019,10,17,21,0,0.9217219948768616,12.709799766540527,267.5,10.540499687194824,N/A,200112,15.550000190734863,5.292550086975098,0.3371100127696991
2019,10,18,0,0,0.9236599802970886,12.454899787902832,272.5,10.656800270080566,N/A,165335,15.550000190734863,4.870049953460693,0.32003000378608704
2019,10,18,3,0,0.9340800046920776,12.240699768066406,272.5,10.646300315856934,N/A,154718,15.550000190734863,4.761199951171875,0.30524998903274536
2019,10,18,6,0,0.9337059855461121,11.768600463867188,272.5,10.281900405883789,N/A,141821,15.550000190734863,4.670939922332764,0.3055900037288666
2019,10,18,9,0,0.937870979309082,12.106100082397461,272.5,10.81980037689209,N/A,148424,14.136300086975098,4.702879905700684,0.2813799977302551
2019,10,18,12,0,0.9398030042648315,12.418899536132812,277.5,11.2608003616333,N/A,152125,14.136300086975098,4.689390182495117,0.26186999678611755
2019,10,18,15,0,0.9432579874992371,12.428099632263184,277.5,11.230500221252441,N/A,147610,14.136300086975098,4.61476993560791,0.2590399980545044
2019,10,18,18,0,0.9471549987792969,12.26509952545166,277.5,11.063400268554688,N/A,128359,14.136300086975098,4.339119911193848,0.2601200044155121
2019,10,18,21,0,0.9478650093078613,12.264100074768066,282.5,11.089699745178223,N/A,114771,14.136300086975098,4.105309963226318,0.2606399953365326
2019,10,19,0,0,0.9461179971694946,12.216699600219727,282.5,11.15149974822998,N/A,99965,14.136300086975098,3.842979907989502,0.25707000494003296
2019,10,19,3,0,0.9486330151557922,12.319999694824219,282.5,11.331000328063965,N/A,96504,14.136300086975098,3.7572999000549316,0.24833999574184418
2019,10,19,6,0,0.9496139883995056,12.218299865722656,282.5,11.280699729919434,N/A,86127,14.136300086975098,3.5680599212646484,0.24422000348567963
2019,10,19,9,0,0.94964599609375,12.151800155639648,282.5,11.231399536132812,N/A,77018,14.136300086975098,3.385469913482666,0.24267999827861786
2019,10,19,12,0,0.9492490291595459,11.952400207519531,282.5,10.834500312805176,N/A,69622,14.136300086975098,3.248840093612671,0.2575699985027313
2019,10,19,15,0,0.941985011100769,11.086099624633789,282.5,9.669899940490723,N/A,67338,14.136300086975098,3.3383400440216064,0.30546000599861145
2019,10,19,18,0,0.9270480275154114,10.133999824523926,277.5,8.414400100708008,N/A,64398,14.136300086975098,3.4403998851776123,0.3527100086212158
2019,10,19,21,0,0.9285249710083008,9.677900314331055,282.5,8.206199645996094,N/A,80825,12.851200103759766,3.9700300693511963,0.34488001465797424
2019,10,20,0,0,0.9269440174102783,9.899100303649902,282.5,8.580300331115723,N/A,74709,12.851200103759766,3.7729101181030273,0.319489985704422
2019,10,20,3,0,0.9344649910926819,10.260199546813965,282.5,9.07129955291748,N/A,63325,12.851200103759766,3.4043400287628174,0.2952899932861328
2019,10,20,6,0,0.9411489963531494,10.655799865722656,282.5,9.659600257873535,N/A,54736,12.851200103759766,3.0979599952697754,0.26962000131607056
2019,10,20,9,0,0.9460309743881226,10.906700134277344,282.5,9.956199645996094,N/A,51109,12.851200103759766,2.9514999389648438,0.261680006980896
2019,10,20,12,0,0.9444339871406555,10.854999542236328,282.5,9.366700172424316,N/A,49215,12.851200103759766,2.898400068283081,0.28633999824523926
2019,10,20,15,0,0.8968589901924133,9.808500289916992,282.5,7.810299873352051,N/A,47087,12.851200103759766,2.994580030441284,0.37259000539779663
2019,10,20,18,0,0.7908499836921692,8.756099700927734,267.5,7.20550012588501,N/A,45350,12.851200103759766,3.1491100788116455,0.3844499886035919
2019,10,20,21,0,0.7944160103797913,9.2475004196167,262.5,8.222299575805664,N/A,44557,12.851200103759766,3.0434799194335938,0.31466999650001526
2019,10,21,0,0,0.8186479806900024,9.027999877929688,267.5,7.968599796295166,N/A,43551,12.851200103759766,3.0547399520874023,0.3168799877166748
2019,10,21,3,0,0.8063309788703918,9.061300277709961,267.5,7.997600078582764,N/A,37753,11.682900428771973,2.840630054473877,0.3110699951648712
2019,10,21,6,0,0.801334023475647,9.222399711608887,272.5,8.334799766540527,N/A,32476,11.682900428771973,2.6128599643707275,0.2881999909877777
2019,10,21,9,0,0.8237640261650085,9.40369987487793,277.5,8.618499755859375,N/A,29507,11.682900428771973,2.465179920196533,0.27312999963760376
2019,10,21,12,0,0.8555610179901123,9.683699607849121,277.5,8.926899909973145,N/A,31673,11.682900428771973,2.5103600025177,0.26460000872612
2019,10,21,15,0,0.886264979839325,10.116000175476074,282.5,9.12909984588623,N/A,36657,11.682900428771973,2.624109983444214,0.27876999974250793
2019,10,21,18,0,0.8604180216789246,9.575699806213379,277.5,8.09160041809082,N/A,45399,11.682900428771973,2.9985899925231934,0.34637999534606934
2019,10,21,21,0,0.8467270135879517,9.290200233459473,267.5,8.38029956817627,N/A,59445,9.655200004577637,3.512079954147339,0.3014500141143799
2019,10,22,0,0,0.8662459850311279,9.504799842834473,267.5,8.664600372314453,N/A,58484,10.620800018310547,3.4420299530029297,0.28016000986099243
2019,10,22,3,0,0.8733289837837219,9.406800270080566,267.5,8.54580020904541,N/A,55845,10.620800018310547,3.3863000869750977,0.27733999490737915
2019,10,22,6,0,0.8770390152931213,9.304699897766113,267.5,8.405099868774414,N/A,45638,10.620800018310547,3.081429958343506,0.28158000111579895
2019,10,22,9,0,0.8882960081100464,9.257200241088867,272.5,8.348199844360352,N/A,38645,10.620800018310547,2.8442299365997314,0.28477999567985535
2019,10,22,12,0,0.9073079824447632,9.463700294494629,272.5,8.548700332641602,N/A,38148,10.620800018310547,2.789299964904785,0.279229998588562
2019,10,22,15,0,0.9197630286216736,9.251199722290039,272.5,8.01669979095459,N/A,41015,10.620800018310547,2.921190023422241,0.31690001487731934
2019,10,22,18,0,0.9264540076255798,9.43239974975586,272.5,8.196999549865723,N/A,44602,11.682900428771973,3.008270025253296,0.3176400065422058
2019,10,22,21,0,0.9304220080375671,10.109700202941895,277.5,8.919099807739258,N/A,50767,11.682900428771973,3.076230049133301,0.29850998520851135
2019,10,23,0,0,0.9276790022850037,10.369600296020508,282.5,9.260700225830078,N/A,49460,11.682900428771973,2.993030071258545,0.27619999647140503
2019,10,23,3,0,0.9236980080604553,10.242300033569336,282.5,9.197099685668945,N/A,43384,11.682900428771973,2.8284099102020264,0.2674500048160553
2019,10,23,6,0,0.9242550134658813,10.042699813842773,277.5,9.088899612426758,N/A,36454,11.682900428771973,2.628200054168701,0.2614099979400635
2019,10,23,9,0,0.9235810041427612,9.859600067138672,277.5,9.009599685668945,N/A,30891,10.620800018310547,2.4504001140594482,0.2552900016307831
2019,10,23,12,0,0.9176989793777466,9.73799991607666,277.5,8.954000473022461,N/A,26060,10.620800018310547,2.2706799507141113,0.25036999583244324
2019,10,23,15,0,0.9125800132751465,9.63949966430664,272.5,8.886699676513672,N/A,21798,10.620800018310547,2.0909600257873535,0.25025999546051025
2019,10,23,18,0,0.9090399742126465,9.527700424194336,272.5,8.776000022888184,N/A,17836,10.620800018310547,1.9046200513839722,0.2559700012207031
2019,10,23,21,0,0.9066870212554932,9.387100219726562,267.5,8.650099754333496,N/A,15001,9.655200004577637,1.7625900506973267,0.25988999009132385
2019,10,24,0,0,0.9048280119895935,9.2524995803833,267.5,8.505000114440918,N/A,12327,9.655200004577637,1.610990047454834,0.2669300138950348
2019,10,24,3,0,0.903439998626709,9.138099670410156,267.5,8.385600090026855,N/A,10412,9.655200004577637,1.4910000562667847,0.2717300057411194
2019,10,24,6,0,0.898343026638031,9.026800155639648,267.5,8.258899688720703,N/A,8750,9.655200004577637,1.3759100437164307,0.27827000617980957
2019,10,24,9,0,0.8926060199737549,8.978799819946289,262.5,8.182999610900879,N/A,7491,9.655200004577637,1.2760800123214722,0.28512999415397644
2019,10,24,12,0,0.8900370001792908,9.01200008392334,262.5,8.178099632263184,N/A,6618,9.655200004577637,1.1957499980926514,0.29175999760627747
2019,10,24,15,0,0.8982830047607422,9.07129955291748,262.5,8.27649974822998,N/A,6787,9.655200004577637,1.2068699598312378,0.28411999344825745
2019,10,24,18,0,0.9123280048370361,8.994999885559082,262.5,8.24269962310791,N/A,7597,9.655200004577637,1.2833600044250488,0.28255999088287354
2019,10,24,21,0,0.9184370040893555,8.866900444030762,262.5,7.978400230407715,N/A,8298,9.655200004577637,1.349079966545105,0.3099899888038635
2019,10,25,0,0,0.9188650250434875,8.937199592590332,262.5,7.807499885559082,N/A,9247,9.655200004577637,1.4127099514007568,0.3399899899959564
2019,10,25,3,0,0.9223719835281372,9.26729965209961,267.5,7.952400207519531,N/A,10710,11.682900428771973,1.4862200021743774,0.34474000334739685
2019,10,25,6,0,0.9307370185852051,9.54010009765625,272.5,8.064399719238281,N/A,13132,11.682900428771973,1.6192799806594849,0.333869993686676
2019,10,25,9,0,0.9375200271606445,9.420100212097168,272.5,7.6290998458862305,N/A,16835,10.620800018310547,1.8450700044631958,0.35892999172210693
2019,10,25,12,0,0.9300839900970459,8.649100303649902,272.5,6.559700012207031,N/A,23030,10.620800018310547,2.252350091934204,0.4508399963378906
2019,10,25,15,0,0.9280880093574524,8.178400039672852,277.5,6.864299774169922,N/A,44488,7.979499816894531,3.252120018005371,0.39882999658584595
2019,10,25,18,0,0.9317860007286072,8.652099609375,282.5,7.532899856567383,N/A,65496,8.77750015258789,3.8380799293518066,0.3403500020503998
2019,10,25,21,0,0.9360899925231934,8.949600219726562,287.5,7.865900039672852,N/A,77427,9.655200004577637,4.095320224761963,0.31916001439094543
2019,10,26,0,0,0.9336699843406677,8.878999710083008,287.5,7.848499774932861,N/A,91299,9.655200004577637,4.470369815826416,0.30974000692367554
2019,10,26,3,0,0.9348750114440918,8.973299980163574,287.5,7.957600116729736,N/A,79819,9.655200004577637,4.1537299156188965,0.30500999093055725
2019,10,26,6,0,0.9372550249099731,9.054699897766113,287.5,8.036299705505371,N/A,65131,9.655200004577637,3.732729911804199,0.30041998624801636
2019,10,26,9,0,0.940625011920929,9.284600257873535,287.5,8.322400093078613,N/A,52885,9.655200004577637,3.316890001296997,0.28554001450538635
2019,10,26,12,0,0.9438859820365906,9.502400398254395,287.5,8.648200035095215,N/A,42514,11.682900428771973,2.935659885406494,0.2691600024700165
2019,10,26,15,0,0.9445350170135498,9.588899612426758,287.5,8.765800476074219,N/A,35448,11.682900428771973,2.6670100688934326,0.26342999935150146
2019,10,26,18,0,0.9467570185661316,9.689200401306152,287.5,8.886199951171875,N/A,32132,11.682900428771973,2.5244600772857666,0.25742998719215393
2019,10,26,21,0,0.9498670101165771,9.857500076293945,287.5,9.091400146484375,N/A,31337,11.682900428771973,2.4685699939727783,0.24803000688552856
2019,10,27,0,0,0.9544659852981567,9.972800254821777,287.5,9.251099586486816,N/A,31496,11.682900428771973,2.4584898948669434,0.23943999409675598
2019,10,27,3,0,0.9556580185890198,10.034000396728516,287.5,9.313599586486816,N/A,29178,11.682900428771973,2.3572700023651123,0.23723000288009644
2019,10,27,6,0,0.9556919932365417,10.032600402832031,287.5,9.302000045776367,N/A,26020,11.682900428771973,2.2263998985290527,0.23604999482631683
2019,10,27,9,0,0.9558600187301636,10.02560043334961,287.5,9.274299621582031,N/A,22941,11.682900428771973,2.091860055923462,0.23535999655723572
2019,10,27,12,0,0.9570779800415039,9.933500289916992,287.5,9.17080020904541,N/A,20076,11.682900428771973,1.969349980354309,0.23819999396800995
2019,10,27,15,0,0.9556589722633362,9.793100357055664,287.5,8.78499984741211,N/A,17558,11.682900428771973,1.8577100038528442,0.25575000047683716
2019,10,27,18,0,0.9568089842796326,9.906900405883789,287.5,9.050000190734863,N/A,15806,10.620800018310547,1.7532999515533447,0.26684999465942383
2019,10,27,21,0,0.9558749794960022,10.012800216674805,287.5,9.166000366210938,N/A,13960,10.620800018310547,1.6396100521087646,0.2923699915409088
2019,10,28,0,0,0.9569200277328491,10.596199989318848,287.5,9.445599555969238,N/A,13981,10.620800018310547,1.5878100395202637,0.35986000299453735
2019,10,28,3,0,0.9570099711418152,11.03600025177002,287.5,9.03439998626709,N/A,14070,10.620800018310547,1.552940011024475,0.41631999611854553
2019,10,28,6,0,0.9614520072937012,12.039199829101562,282.5,9.377400398254395,N/A,16824,18.81559944152832,1.6059999465942383,0.4328100085258484
2019,10,28,9,0,0.9660360217094421,13.160799980163574,282.5,10.384599685668945,N/A,21018,18.81559944152832,1.6989400386810303,0.3992899954319
2019,10,28,12,0,0.9674090147018433,13.60159969329834,282.5,11.001799583435059,N/A,22066,18.81559944152832,1.703179955482483,0.36831000447273254
2019,10,28,15,0,0.9682019948959351,13.792400360107422,282.5,11.36460018157959,N/A,22099,17.104999542236328,1.6849600076675415,0.3414599895477295
2019,10,28,18,0,0.9687280058860779,13.360099792480469,282.5,10.736499786376953,N/A,22229,17.104999542236328,1.7138899564743042,0.3568600118160248
2019,10,28,21,0,0.9680520296096802,12.441300392150879,282.5,9.656000137329102,N/A,23492,17.104999542236328,1.829450011253357,0.3994300067424774
2019,10,29,0,0,0.96567702293396,11.664999961853027,282.5,9.028200149536133,N/A,21718,17.104999542236328,1.8243000507354736,0.41947999596595764
2019,10,29,3,0,0.9626960158348083,11.051899909973145,282.5,8.356100082397461,N/A,18975,15.550000190734863,1.7588000297546387,0.4268999993801117
2019,10,29,6,0,0.9527530074119568,10.545299530029297,282.5,7.532400131225586,N/A,17826,15.550000190734863,1.747920036315918,0.45061999559402466
2019,10,29,9,0,0.9491279721260071,10.405599594116211,282.5,7.5553998947143555,N/A,16607,15.550000190734863,1.7015399932861328,0.4417699873447418
2019,10,29,12,0,0.9369350075721741,9.983499526977539,282.5,7.046500205993652,N/A,14251,15.550000190734863,1.6141599416732788,0.4596799910068512
2019,10,29,15,0,0.9352899789810181,10.177399635314941,282.5,7.5609002113342285,N/A,11559,14.136300086975098,1.4403899908065796,0.430869996547699
2019,10,29,18,0,0.9345539808273315,10.559000015258789,282.5,8.356300354003906,N/A,9959,14.136300086975098,1.3110599517822266,0.392659991979599
2019,10,29,21,0,0.809660017490387,9.348099708557129,272.5,7.367800235748291,N/A,10801,14.136300086975098,1.4630500078201294,0.44861000776290894
2019,10,30,0,0,0.756168007850647,9.290599822998047,267.5,7.41349983215332,N/A,10369,14.136300086975098,1.4405499696731567,0.44106999039649963
2019,10,30,3,0,0.7617890238761902,9.478699684143066,277.5,7.4268999099731445,N/A,9258,12.851200103759766,1.3462899923324585,0.43830999732017517
2019,10,30,6,0,0.809581995010376,9.725700378417969,277.5,7.0441999435424805,N/A,8217,12.851200103759766,1.2475899457931519,0.45921000838279724
2019,10,30,9,0,0.8521959781646729,10.308199882507324,277.5,7.626800060272217,N/A,7417,12.851200103759766,1.1478300094604492,0.43314000964164734
2019,10,30,12,0,0.878777027130127,10.700300216674805,277.5,7.931399822235107,N/A,7087,12.851200103759766,1.0997300148010254,0.4048199951648712
2019,10,30,15,0,0.900288999080658,11.149200439453125,277.5,8.713899612426758,N/A,7065,12.851200103759766,1.0742000341415405,0.3667699992656708
2019,10,30,18,0,0.9182810187339783,11.531900405883789,277.5,9.187800407409668,N/A,7284,12.851200103759766,1.0714600086212158,0.34150999784469604
2019,10,30,21,0,0.9313039779663086,11.758199691772461,277.5,9.541600227355957,N/A,7568,12.851200103759766,1.0814499855041504,0.31876999139785767
2019,10,31,0,0,0.937690019607544,11.312199592590332,277.5,8.241900444030762,N/A,7810,12.851200103759766,1.121999979019165,0.34957998991012573
2019,10,31,3,0,0.9419500231742859,10.645000457763672,277.5,7.404099941253662,N/A,8439,11.682900428771973,1.2051000595092773,0.396479994058609
2019,10,31,6,0,0.9476569890975952,10.85219955444336,277.5,8.059900283813477,N/A,9373,11.682900428771973,1.2574100494384766,0.3732199966907501
2019,10,31,9,0,0.9512140154838562,11.35219955444336,277.5,8.995200157165527,N/A,10306,12.851200103759766,1.2871099710464478,0.3299599885940552
2019,10,31,12,0,0.9522479772567749,11.551199913024902,277.5,9.586099624633789,N/A,10787,11.682900428771973,1.30594003200531,0.2935900092124939
2019,10,31,15,0,0.9513930082321167,11.426300048828125,277.5,9.83810043334961,N/A,10701,11.682900428771973,1.3116799592971802,0.26657000184059143
2019,10,31,18,0,0.9511740207672119,11.243399620056152,277.5,9.824000358581543,N/A,11127,11.682900428771973,1.3517199754714966,0.2582100033760071
2019,10,31,21,0,0.9512919783592224,11.186699867248535,277.5,9.856599807739258,N/A,11794,11.682900428771973,1.3968600034713745,0.25398001074790955
2019,11,1,0,0,0.9507589936256409,11.108099937438965,277.5,9.779000282287598,N/A,12028,11.682900428771973,1.4175699949264526,0.2546899914741516
2019,11,1,3,0,0.9490529894828796,10.90839958190918,277.5,9.60789966583252,N/A,11737,11.682900428771973,1.4174799919128418,0.2524699866771698
2019,11,1,6,0,0.9458410143852234,10.66469955444336,282.5,9.722100257873535,N/A,10920,11.682900428771973,1.389050006866455,0.23555999994277954
2019,11,1,9,0,0.9419190287590027,10.449999809265137,282.5,9.680000305175781,N/A,10107,11.682900428771973,1.3543200492858887,0.22976000607013702
2019,11,1,12,0,0.9351130127906799,10.259499549865723,277.5,9.484399795532227,N/A,8821,11.682900428771973,1.2792400121688843,0.2386700063943863
2019,11,1,15,0,0.932915985584259,10.06719970703125,277.5,8.920299530029297,N/A,8657,11.682900428771973,1.2806999683380127,0.2608399987220764
2019,11,1,18,0,0.9270009994506836,9.768400192260742,277.5,8.584199905395508,N/A,7786,10.620800018310547,1.2349200248718262,0.28543999791145325
2019,11,1,21,0,0.9259660243988037,9.572099685668945,277.5,8.24429988861084,N/A,7513,10.620800018310547,1.2265599966049194,0.30542999505996704
2019,11,2,0,0,0.9249730110168457,9.473299980163574,277.5,7.944799900054932,N/A,7041,10.620800018310547,1.193079948425293,0.3237299919128418
2019,11,2,3,0,0.9213910102844238,9.086199760437012,277.5,7.0289998054504395,N/A,6751,10.620800018310547,1.1924699544906616,0.3771800100803375
2019,11,2,6,0,0.9248239994049072,8.769700050354004,277.5,6.861000061035156,N/A,6488,10.620800018310547,1.1910099983215332,0.3954100012779236
2019,11,2,9,0,0.9276440143585205,8.906299591064453,277.5,6.938600063323975,N/A,6257,12.851200103759766,1.1575299501419067,0.3962399959564209
2019,11,2,12,0,0.9302759766578674,9.189200401306152,277.5,7.296599864959717,N/A,5887,12.851200103759766,1.1029900312423706,0.37907999753952026
2019,11,2,15,0,0.9370859861373901,9.402299880981445,277.5,7.652699947357178,N/A,6205,11.682900428771973,1.1189600229263306,0.357340008020401
2019,11,2,18,0,0.9360820055007935,9.220499992370605,277.5,7.6178998947143555,N/A,6259,11.682900428771973,1.1372400522232056,0.35837000608444214
2019,11,2,21,0,0.9335759878158569,8.855600357055664,272.5,7.156499862670898,N/A,6466,11.682900428771973,1.183210015296936,0.37540000677108765
2019,11,3,0,0,0.9311419725418091,8.40060043334961,277.5,6.59499979019165,N/A,7111,11.682900428771973,1.278130054473877,0.4008199870586395
2019,11,3,3,0,0.931581974029541,8.137299537658691,277.5,6.625899791717529,N/A,8294,10.620800018310547,1.406440019607544,0.39542001485824585
2019,11,3,6,0,0.9319009780883789,8.074600219726562,277.5,6.911900043487549,N/A,9230,10.620800018310547,1.4941099882125854,0.3641600012779236
2019,11,3,9,0,0.9354159832000732,8.311100006103516,277.5,7.247099876403809,N/A,10441,11.682900428771973,1.5659199953079224,0.34057000279426575
2019,11,3,12,0,0.934482991695404,8.406399726867676,282.5,7.3566999435424805,N/A,10005,11.682900428771973,1.5238100290298462,0.33417001366615295
2019,11,3,15,0,0.9323260188102722,8.556500434875488,277.5,7.417200088500977,N/A,8924,11.682900428771973,1.4235999584197998,0.33963000774383545
2019,11,3,18,0,0.9302909970283508,8.662099838256836,277.5,7.45959997177124,N/A,8200,11.682900428771973,1.3543200492858887,0.34338000416755676
2019,11,3,21,0,0.9274610280990601,8.751999855041504,272.5,7.519400119781494,N/A,8026,10.620800018310547,1.331030011177063,0.3454200029373169
2019,11,4,0,0,0.9301490187644958,8.876299858093262,272.5,7.513599872589111,N/A,9175,10.620800018310547,1.4117799997329712,0.3432199954986572
2019,11,4,3,0,0.9296429753303528,8.862700462341309,277.5,7.605899810791016,N/A,10000,10.620800018310547,1.476930022239685,0.33480000495910645
2019,11,4,6,0,0.9283940196037292,8.874600410461426,277.5,7.770299911499023,N/A,10020,10.620800018310547,1.4789799451828003,0.32482001185417175
2019,11,4,9,0,0.9273269772529602,8.777299880981445,277.5,7.739099979400635,N/A,9646,11.682900428771973,1.4612599611282349,0.3226200044155121
2019,11,4,12,0,0.9246559739112854,8.50160026550293,277.5,7.546999931335449,N/A,9017,10.620800018310547,1.440060019493103,0.32148998975753784
2019,11,4,15,0,0.9254999756813049,8.34529972076416,277.5,7.465199947357178,N/A,8884,10.620800018310547,1.4463000297546387,0.313510000705719
2019,11,4,18,0,0.9233400225639343,8.261899948120117,277.5,7.375100135803223,N/A,8249,10.620800018310547,1.401550054550171,0.31650999188423157
2019,11,4,21,0,0.9162430167198181,8.259400367736816,277.5,7.335700035095215,N/A,7600,10.620800018310547,1.3445899486541748,0.32433000206947327
2019,11,5,0,0,0.8991569876670837,8.26609992980957,272.5,7.241499900817871,N/A,6579,10.620800018310547,1.2475800514221191,0.34630998969078064
2019,11,5,3,0,0.8896350264549255,8.460700035095215,272.5,7.338699817657471,N/A,6470,10.620800018310547,1.2196400165557861,0.35697001218795776
2019,11,5,6,0,0.8770760297775269,8.508999824523926,272.5,7.314000129699707,N/A,6178,9.655200004577637,1.186269998550415,0.3746100068092346
2019,11,5,9,0,0.8654080033302307,8.640999794006348,267.5,7.297599792480469,N/A,5559,9.655200004577637,1.113759994506836,0.3921700119972229
2019,11,5,12,0,0.8597729802131653,8.705699920654297,267.5,7.244200229644775,N/A,4927,9.655200004577637,1.0426900386810303,0.40349000692367554
2019,11,5,15,0,0.8604170083999634,8.724300384521484,267.5,7.217899799346924,N/A,4639,9.655200004577637,1.0095700025558472,0.40612998604774475
2019,11,5,18,0,0.860381007194519,8.551600456237793,267.5,7.094099998474121,N/A,4525,12.851200103759766,1.0073699951171875,0.4111799895763397
2019,11,5,21,0,0.8629429936408997,8.421899795532227,262.5,6.999499797821045,N/A,4853,12.851200103759766,1.051419973373413,0.4129300117492676
2019,11,6,0,0,0.8560839891433716,8.312800407409668,262.5,6.552700042724609,N/A,4845,12.851200103759766,1.0552599430084229,0.441210001707077
2019,11,6,3,0,0.8571490049362183,8.662300109863281,257.5,6.752500057220459,N/A,4854,12.851200103759766,1.029829978942871,0.440530002117157
2019,11,6,6,0,0.861536979675293,9.011099815368652,252.5,7.0725998878479,N/A,4906,14.136300086975098,1.0118900537490845,0.4271099865436554
2019,11,6,9,0,0.8713619709014893,9.349699974060059,252.5,7.375,N/A,5111,11.682900428771973,1.0119400024414062,0.41165000200271606
2019,11,6,12,0,0.8768560290336609,9.364100456237793,247.5,7.031799793243408,N/A,5325,11.682900428771973,1.0322099924087524,0.4220600128173828
2019,11,6,15,0,0.8900030255317688,9.65369987487793,247.5,7.5991997718811035,N/A,5767,11.682900428771973,1.0577499866485596,0.39447999000549316
2019,11,6,18,0,0.9023630023002625,9.808699607849121,247.5,7.980599880218506,N/A,6115,11.682900428771973,1.082450032234192,0.36507999897003174
2019,11,6,21,0,0.9118919968605042,9.909299850463867,247.5,8.279600143432617,N/A,6201,11.682900428771973,1.0867999792099,0.3375700116157532
2019,11,7,0,0,0.919297993183136,9.958700180053711,242.5,8.48550033569336,N/A,6135,11.682900428771973,1.0805399417877197,0.31617000699043274
2019,11,7,3,0,0.9274280071258545,9.994000434875488,242.5,8.547100067138672,N/A,5997,10.620800018310547,1.0678800344467163,0.3034600019454956
2019,11,7,6,0,0.9329789876937866,9.972200393676758,242.5,8.375,N/A,5910,10.620800018310547,1.0617799758911133,0.30403000116348267
2019,11,7,9,0,0.9377400279045105,10.114700317382812,242.5,8.552399635314941,N/A,5985,10.620800018310547,1.0591200590133667,0.2965500056743622
2019,11,7,12,0,0.9413170218467712,10.26729965209961,242.5,8.8326997756958,N/A,6263,9.655200004577637,1.0738400220870972,0.28227999806404114
2019,11,7,15,0,0.9449080228805542,10.502300262451172,242.5,9.373200416564941,N/A,6974,12.851200103759766,1.118499994277954,0.2579599916934967
2019,11,7,18,0,0.9475989937782288,10.548500061035156,242.5,9.687600135803223,N/A,7807,12.851200103759766,1.1818499565124512,0.24015000462532043
2019,11,7,21,0,0.9500659704208374,10.470100402832031,247.5,9.792400360107422,N/A,8355,11.682900428771973,1.2299200296401978,0.23082000017166138
2019,11,8,0,0,0.9515100121498108,10.294699668884277,247.5,9.661100387573242,N/A,8449,11.682900428771973,1.2506599426269531,0.23220999538898468
2019,11,8,3,0,0.9507719874382019,10.045900344848633,247.5,9.380399703979492,N/A,8039,11.682900428771973,1.2384300231933594,0.24089999496936798
2019,11,8,6,0,0.9478520154953003,9.756199836730957,242.5,9.007699966430664,N/A,7335,10.620800018310547,1.2038400173187256,0.253710001707077
2019,11,8,9,0,0.9439719915390015,9.508000373840332,242.5,8.687399864196777,N/A,6777,10.620800018310547,1.1750400066375732,0.26241999864578247
2019,11,8,12,0,0.9388759732246399,9.30090045928955,247.5,8.458499908447266,N/A,6785,10.620800018310547,1.1917599439620972,0.26260000467300415
2019,11,8,15,0,0.924248993396759,8.502699851989746,247.5,7.077300071716309,N/A,7851,9.655200004577637,1.3456599712371826,0.33059000968933105
2019,11,8,18,0,0.893580973148346,7.722099781036377,242.5,6.419000148773193,N/A,9598,9.655200004577637,1.567639946937561,0.3631199896335602
2019,11,8,21,0,0.8609279990196228,7.097300052642822,237.5,5.763500213623047,N/A,10820,9.655200004577637,1.7408599853515625,0.3966499865055084
2019,11,9,0,0,0.8472920060157776,7.079999923706055,232.5,5.892899990081787,N/A,11546,9.655200004577637,1.8014600276947021,0.38144999742507935
2019,11,9,3,0,0.849386990070343,7.433300018310547,232.5,6.273600101470947,N/A,11321,9.655200004577637,1.736680030822754,0.3688099980354309
2019,11,9,6,0,0.8588290214538574,7.67579984664917,237.5,6.3491997718811035,N/A,11910,9.655200004577637,1.74767005443573,0.379040002822876
2019,11,9,9,0,0.8676999807357788,7.867599964141846,237.5,6.509099960327148,N/A,13926,10.620800018310547,1.8630199432373047,0.3770500123500824
2019,11,9,12,0,0.8713600039482117,7.973199844360352,237.5,6.683800220489502,N/A,15614,10.620800018310547,1.960319995880127,0.36146000027656555
2019,11,9,15,0,0.87015700340271,7.821499824523926,232.5,6.534200191497803,N/A,16482,10.620800018310547,2.0387699604034424,0.358379989862442
2019,11,9,18,0,0.8719199895858765,7.654099941253662,232.5,6.512700080871582,N/A,16702,10.620800018310547,2.081249952316284,0.34334999322891235
2019,11,9,21,0,0.8668140172958374,7.501500129699707,227.5,6.399600028991699,N/A,15727,9.655200004577637,2.0434200763702393,0.3425399959087372
2019,11,10,0,0,0.859391987323761,7.4654998779296875,227.5,6.432199954986572,N/A,14128,9.655200004577637,1.9419599771499634,0.3410800099372864
2019,11,10,3,0,0.8521270155906677,7.761199951171875,227.5,6.782800197601318,N/A,12696,9.655200004577637,1.8005000352859497,0.3401400148868561
2019,11,10,6,0,0.8482210040092468,8.096500396728516,232.5,7.099299907684326,N/A,12325,9.655200004577637,1.7292300462722778,0.3509500026702881
2019,11,10,9,0,0.8401529788970947,8.581199645996094,242.5,7.460100173950195,N/A,12955,9.655200004577637,1.710960030555725,0.36190998554229736
2019,11,10,12,0,0.8469989895820618,8.985799789428711,247.5,7.813600063323975,N/A,13388,8.77750015258789,1.6921499967575073,0.3560299873352051
2019,11,10,15,0,0.8537049889564514,9.294300079345703,257.5,8.135499954223633,N/A,14116,14.136300086975098,1.7034399509429932,0.342739999294281
2019,11,10,18,0,0.8620740175247192,9.49429988861084,257.5,8.352800369262695,N/A,14449,14.136300086975098,1.7014600038528442,0.3334299921989441
2019,11,10,21,0,0.8721510171890259,9.701199531555176,262.5,8.57859992980957,N/A,15103,12.851200103759766,1.7170599699020386,0.32245999574661255
2019,11,11,0,0,0.8843809962272644,9.916299819946289,267.5,8.755200386047363,N/A,16205,12.851200103759766,1.7556400299072266,0.30970999598503113
2019,11,11,3,0,0.8879849910736084,9.84280014038086,267.5,8.601099967956543,N/A,15384,12.851200103759766,1.7189699411392212,0.30831000208854675
2019,11,11,6,0,0.8897079825401306,9.727399826049805,267.5,8.304499626159668,N/A,14193,12.851200103759766,1.663409948348999,0.3119199872016907
2019,11,11,9,0,0.8842949867248535,9.53849983215332,267.5,8.036399841308594,N/A,12538,11.682900428771973,1.58201003074646,0.32067999243736267
2019,11,11,12,0,0.8801460266113281,9.479100227355957,262.5,7.963099956512451,N/A,10869,11.682900428771973,1.4794800281524658,0.3213199973106384
2019,11,11,15,0,0.8658000230789185,9.168999671936035,262.5,7.337299823760986,N/A,9292,11.682900428771973,1.3929699659347534,0.356469988822937
2019,11,11,18,0,0.8543660044670105,8.968500137329102,257.5,7.164000034332275,N/A,7758,11.682900428771973,1.2886799573898315,0.37325000762939453
2019,11,11,21,0,0.8633880019187927,9.096799850463867,252.5,7.545100212097168,N/A,7132,11.682900428771973,1.2269599437713623,0.35697001218795776
2019,11,12,0,0,0.8828449845314026,9.182999610900879,252.5,7.936600208282471,N/A,7813,10.620800018310547,1.27947998046875,0.33667001128196716
2019,11,12,3,0,0.9092919826507568,9.248700141906738,247.5,8.113100051879883,N/A,9326,10.620800018310547,1.3939299583435059,0.32284000515937805
2019,11,12,6,0,0.9298629760742188,9.503700256347656,247.5,8.429699897766113,N/A,12192,10.620800018310547,1.5703999996185303,0.30358999967575073
2019,11,12,9,0,0.940841019153595,9.705100059509277,247.5,8.765399932861328,N/A,15587,10.620800018310547,1.7572599649429321,0.2782599925994873
2019,11,12,12,0,0.9448779821395874,9.692299842834473,247.5,8.857399940490723,N/A,16912,10.620800018310547,1.8333200216293335,0.27046999335289
2019,11,12,15,0,0.943934977054596,9.721400260925293,242.5,8.810199737548828,N/A,16798,10.620800018310547,1.821810007095337,0.28415998816490173
2019,11,12,18,0,0.9399790167808533,9.942500114440918,242.5,8.647100448608398,N/A,17994,10.620800018310547,1.8535900115966797,0.3133699893951416
2019,11,12,21,0,0.9372659921646118,10.212900161743164,247.5,8.395600318908691,N/A,21793,14.136300086975098,1.9963799715042114,0.3430500030517578
2019,11,13,0,0,0.939939022064209,10.813199996948242,252.5,9.343899726867676,N/A,27092,12.851200103759766,2.1514298915863037,0.3021799921989441
2019,11,13,3,0,0.9409989714622498,10.976499557495117,252.5,9.82509994506836,N/A,29535,12.851200103759766,2.231300115585327,0.2691900134086609
2019,11,13,6,0,0.9401860237121582,10.845199584960938,252.5,9.836799621582031,N/A,28460,12.851200103759766,2.2102699279785156,0.2591499984264374
2019,11,13,9,0,0.9355949759483337,10.728300094604492,252.5,9.79699993133545,N/A,26922,11.682900428771973,2.1662800312042236,0.2554900050163269
2019,11,13,12,0,0.9293540120124817,10.662099838256836,257.5,9.781399726867676,N/A,26319,11.682900428771973,2.15132999420166,0.2530899941921234
2019,11,13,15,0,0.9237890243530273,10.585800170898438,257.5,9.732399940490723,N/A,25645,11.682900428771973,2.1338000297546387,0.2522900104522705
2019,11,13,18,0,0.9169039726257324,10.457200050354004,257.5,9.618800163269043,N/A,23989,11.682900428771973,2.080209970474243,0.2529900074005127
2019,11,13,21,0,0.9065960049629211,10.31350040435791,257.5,9.492400169372559,N/A,21997,11.682900428771973,2.0099198818206787,0.2541399896144867
2019,11,14,0,0,0.8963879942893982,10.157999992370605,257.5,9.297499656677246,N/A,18598,10.620800018310547,1.8647799491882324,0.2652199864387512
2019,11,14,3,0,0.8789039850234985,9.835399627685547,257.5,8.291199684143066,N/A,16443,10.620800018310547,1.7839499711990356,0.3070000112056732
2019,11,14,6,0,0.8649340271949768,9.70479965209961,257.5,8.032299995422363,N/A,13524,10.620800018310547,1.628440022468567,0.32829999923706055
2019,11,14,9,0,0.8558200001716614,9.750900268554688,252.5,8.097200393676758,N/A,11598,10.620800018310547,1.5035699605941772,0.3436099886894226
2019,11,14,12,0,0.8565890192985535,10.105500221252441,252.5,8.121199607849121,N/A,10788,9.655200004577637,1.4208199977874756,0.3919599950313568
2019,11,14,15,0,0.8643249869346619,10.831500053405762,252.5,8.13129997253418,N/A,13779,20.697200775146484,1.5381699800491333,0.4699299931526184
2019,11,14,18,0,0.8787379860877991,11.803999900817871,257.5,8.590999603271484,N/A,24292,18.81559944152832,1.9344500303268433,0.4842100143432617
2019,11,14,21,0,0.9055839776992798,13.13599967956543,267.5,9.657899856567383,N/A,46106,17.104999542236328,2.4997599124908447,0.4225200116634369
2019,11,15,0,0,0.9163619875907898,12.983200073242188,267.5,9.759400367736816,N/A,67234,17.104999542236328,3.0346899032592773,0.4077799916267395
2019,11,15,3,0,0.914313018321991,12.570799827575684,267.5,9.694499969482422,N/A,80778,17.104999542236328,3.3880999088287354,0.40143001079559326
2019,11,15,6,0,0.894864022731781,11.756600379943848,262.5,9.002300262451172,N/A,89382,17.104999542236328,3.7013299465179443,0.42278000712394714
2019,11,15,9,0,0.8559079766273499,10.603899955749512,257.5,8.220199584960938,N/A,85918,17.104999542236328,3.8572099208831787,0.4440299868583679
2019,11,15,12,0,0.8467299938201904,10.828399658203125,257.5,8.418499946594238,N/A,78506,15.550000190734863,3.6389000415802,0.43184998631477356
2019,11,15,15,0,0.8665369749069214,11.625800132751465,262.5,9.446999549865723,N/A,68071,15.550000190734863,3.2536399364471436,0.38113999366760254
2019,11,15,18,0,0.8880680203437805,11.729399681091309,262.5,9.496100425720215,N/A,68126,15.550000190734863,3.2352399826049805,0.3759799897670746
2019,11,15,21,0,0.8991820216178894,11.840900421142578,267.5,9.62339973449707,N/A,69466,15.550000190734863,3.2479000091552734,0.36956000328063965
2019,11,16,0,0,0.9019010066986084,12.228599548339844,267.5,10.332799911499023,N/A,68218,15.550000190734863,3.1619598865509033,0.33671998977661133
2019,11,16,3,0,0.9083849787712097,12.487099647521973,267.5,10.828499794006348,N/A,68005,15.550000190734863,3.1204800605773926,0.31057998538017273
2019,11,16,6,0,0.9185010194778442,12.614399909973145,272.5,11.133099555969238,N/A,66679,15.550000190734863,3.0721700191497803,0.2916499972343445
2019,11,16,9,0,0.9281169772148132,12.63640022277832,272.5,11.279399871826172,N/A,64267,15.550000190734863,3.013129949569702,0.2774600088596344
2019,11,16,12,0,0.9337369799613953,12.50570011138916,272.5,11.084799766540527,N/A,60498,15.550000190734863,2.9410600662231445,0.27224001288414
2019,11,16,15,0,0.923757016658783,11.709699630737305,272.5,9.458800315856934,N/A,54571,14.136300086975098,2.896660089492798,0.3268199861049652
2019,11,16,18,0,0.8684210181236267,10.020000457763672,267.5,7.642899990081787,N/A,47813,14.136300086975098,2.9629499912261963,0.41453999280929565
2019,11,16,21,0,0.8138960003852844,9.231800079345703,252.5,7.4293999671936035,N/A,51144,14.136300086975098,3.2326600551605225,0.3963100016117096
2019,11,17,0,0,0.8068199753761292,8.730400085449219,237.5,7.406000137329102,N/A,57912,9.655200004577637,3.579770088195801,0.3516699969768524
2019,11,17,3,0,0.7917690277099609,8.801400184631348,237.5,7.5355000495910645,N/A,67476,8.77750015258789,3.848680019378662,0.3395099937915802
2019,11,17,6,0,0.7930279970169067,8.95009994506836,242.5,7.740300178527832,N/A,70108,11.682900428771973,3.887190103530884,0.3274900019168854
2019,11,17,9,0,0.8069040179252625,9.077199935913086,247.5,7.831200122833252,N/A,69622,11.682900428771973,3.841320037841797,0.3243100047111511
2019,11,17,12,0,0.835191011428833,9.201600074768066,247.5,8.089400291442871,N/A,66274,11.682900428771973,3.7230899333953857,0.3080799877643585
2019,11,17,15,0,0.8770080208778381,9.777199745178223,252.5,8.81760025024414,N/A,62242,11.682900428771973,3.485610008239746,0.27706998586654663
2019,11,17,18,0,0.8985829949378967,9.957599639892578,257.5,9.050700187683105,N/A,56753,11.682900428771973,3.2934200763702393,0.26767998933792114
2019,11,17,21,0,0.9161959886550903,10.11240005493164,257.5,9.204400062561035,N/A,54685,11.682900428771973,3.2023799419403076,0.26365000009536743
2019,11,18,0,0,0.925803005695343,10.179900169372559,257.5,9.327199935913086,N/A,48237,11.682900428771973,2.9979300498962402,0.25571000576019287
2019,11,18,3,0,0.931430995464325,10.26669979095459,257.5,9.4399995803833,N/A,42846,11.682900428771973,2.8119699954986572,0.25277000665664673
2019,11,18,6,0,0.9344009757041931,10.401000022888184,257.5,9.543600082397461,N/A,39604,11.682900428771973,2.6801199913024902,0.25804001092910767
2019,11,18,9,0,0.936797022819519,10.619799613952637,262.5,9.741100311279297,N/A,39944,11.682900428771973,2.6555700302124023,0.25745999813079834
2019,11,18,12,0,0.9414860010147095,10.752400398254395,262.5,9.909000396728516,N/A,41320,12.851200103759766,2.681349992752075,0.24922999739646912
2019,11,18,15,0,0.9424409866333008,10.682900428771973,262.5,9.883600234985352,N/A,39219,11.682900428771973,2.6250200271606445,0.24398000538349152
2019,11,18,18,0,0.9408969879150391,10.583999633789062,262.5,9.806300163269043,N/A,35723,11.682900428771973,2.521250009536743,0.24297000467777252
2019,11,18,21,0,0.9383990168571472,10.493599891662598,257.5,9.72719955444336,N/A,32133,11.682900428771973,2.4049599170684814,0.24336999654769897
2019,11,19,0,0,0.9356150031089783,10.397600173950195,257.5,9.618800163269043,N/A,28195,11.682900428771973,2.2662999629974365,0.24484999477863312
2019,11,19,3,0,0.925661027431488,10.101699829101562,257.5,9.02079963684082,N/A,23162,11.682900428771973,2.087510108947754,0.2726899981498718
2019,11,19,6,0,0.8997790217399597,9.503299713134766,252.5,8.191300392150879,N/A,22696,10.620800018310547,2.138819932937622,0.3121899962425232
2019,11,19,9,0,0.8885509967803955,9.424300193786621,247.5,8.303000450134277,N/A,24157,10.620800018310547,2.220710039138794,0.2988300025463104
2019,11,19,12,0,0.91081702709198,9.88860034942627,247.5,9.036700248718262,N/A,28719,10.620800018310547,2.3557000160217285,0.2641200125217438
2019,11,19,15,0,0.9153000116348267,9.767499923706055,252.5,8.946000099182129,N/A,35324,11.682900428771973,2.632699966430664,0.261929988861084
2019,11,19,18,0,0.9091489911079407,9.689800262451172,262.5,8.952099800109863,N/A,40920,10.620800018310547,2.8522000312805176,0.2478400021791458
2019,11,19,21,0,0.9173830151557922,9.850600242614746,277.5,9.173500061035156,N/A,43911,10.620800018310547,2.92795991897583,0.23444999754428864
2019,11,20,0,0,0.9173150062561035,9.687399864196777,277.5,9.011300086975098,N/A,37724,10.620800018310547,2.742569923400879,0.23715999722480774
2019,11,20,3,0,0.9136639833450317,9.63010025024414,282.5,8.93019962310791,N/A,31578,10.620800018310547,2.517659902572632,0.24438999593257904
2019,11,20,6,0,0.9129289984703064,9.64050006866455,277.5,8.894200325012207,N/A,28380,10.620800018310547,2.3830599784851074,0.25494998693466187
2019,11,20,9,0,0.9149450063705444,9.719200134277344,277.5,8.95259952545166,N/A,26713,10.620800018310547,2.2998900413513184,0.2559199929237366
2019,11,20,12,0,0.912896990776062,9.73169994354248,277.5,8.937100410461426,N/A,23670,10.620800018310547,2.1619300842285156,0.2606799900531769
2019,11,20,15,0,0.9134359955787659,9.773699760437012,277.5,8.919699668884277,N/A,21214,10.620800018310547,2.0391900539398193,0.26881998777389526
2019,11,20,18,0,0.9107059836387634,9.683899879455566,272.5,8.80049991607666,N/A,18109,9.655200004577637,1.8933299779891968,0.2770400047302246
2019,11,20,21,0,0.9087889790534973,9.643099784851074,272.5,8.722900390625,N/A,15586,12.851200103759766,1.7594799995422363,0.28657999634742737
2019,11,21,0,0,0.9091439843177795,9.767200469970703,272.5,8.743200302124023,N/A,13663,12.851200103759766,1.6319999694824219,0.30351999402046204
2019,11,21,3,0,0.9171739816665649,10.106300354003906,272.5,8.958200454711914,N/A,13456,11.682900428771973,1.5842900276184082,0.3161099851131439
2019,11,21,6,0,0.9271240234375,10.704400062561035,277.5,9.365300178527832,N/A,14512,15.550000190734863,1.585319995880127,0.3262900114059448
2019,11,21,9,0,0.9384999871253967,11.346199989318848,277.5,9.929400444030762,N/A,16914,14.136300086975098,1.6505399942398071,0.3122299909591675
2019,11,21,12,0,0.9487249851226807,11.940999984741211,282.5,10.618399620056152,N/A,20777,14.136300086975098,1.773959994316101,0.28398001194000244
2019,11,21,15,0,0.9560570120811462,12.28339958190918,282.5,11.10260009765625,N/A,24240,14.136300086975098,1.8854700326919556,0.2620599865913391
2019,11,21,18,0,0.9589809775352478,12.440699577331543,282.5,11.368800163269043,N/A,26430,14.136300086975098,1.9575999975204468,0.25547000765800476
2019,11,21,21,0,0.9610540270805359,12.732199668884277,277.5,11.64210033416748,N/A,28754,14.136300086975098,2.0198700428009033,0.27035999298095703
2019,11,22,0,0,0.963424026966095,13.244000434875488,277.5,12.02239990234375,N/A,31675,12.851200103759766,2.0769100189208984,0.2906099855899811
2019,11,22,3,0,0.9668959975242615,14.11240005493164,277.5,12.750200271606445,N/A,38945,18.81559944152832,2.220489978790283,0.2897000014781952
2019,11,22,6,0,0.9665629863739014,14.453700065612793,277.5,12.89490032196045,N/A,44385,18.81559944152832,2.335819959640503,0.28220999240875244
2019,11,22,9,0,0.9697459936141968,14.81879997253418,277.5,13.477700233459473,N/A,62575,17.104999542236328,2.7281200885772705,0.25613000988960266
2019,11,22,12,0,0.9677600264549255,14.298700332641602,277.5,12.884300231933594,N/A,67601,17.104999542236328,2.890239953994751,0.2682200074195862
2019,11,22,15,0,0.9683369994163513,13.63129997253418,277.5,12.057999610900879,N/A,85306,17.104999542236328,3.3313100337982178,0.28968000411987305
2019,11,22,18,0,0.963204026222229,13.125300407409668,277.5,11.648599624633789,N/A,77667,17.104999542236328,3.2488698959350586,0.29214999079704285
2019,11,22,21,0,0.9635819792747498,13.199199676513672,277.5,11.89169979095459,N/A,80271,17.104999542236328,3.289829969406128,0.2726300060749054
2019,11,23,0,0,0.9618690013885498,12.968899726867676,277.5,11.74839973449707,N/A,71006,15.550000190734863,3.125200033187866,0.2678000032901764
2019,11,23,3,0,0.9537580013275146,12.664199829101562,277.5,11.437600135803223,N/A,55915,15.550000190734863,2.811609983444214,0.2725200057029724
2019,11,23,6,0,0.9530289769172668,12.574299812316895,277.5,11.424799919128418,N/A,51978,15.550000190734863,2.721869945526123,0.2625199854373932
2019,11,23,9,0,0.95415198802948,12.555100440979004,277.5,11.207500457763672,N/A,52640,15.550000190734863,2.7406399250030518,0.2591100037097931
2019,11,23,12,0,0.9516180157661438,12.251999855041504,277.5,10.580900192260742,N/A,51740,14.136300086975098,2.7558600902557373,0.2741599977016449
2019,11,23,15,0,0.952796995639801,12.221500396728516,282.5,10.232799530029297,N/A,62967,14.136300086975098,3.0409600734710693,0.28804001212120056
2019,11,23,18,0,0.947717010974884,11.855199813842773,282.5,9.630000114440918,N/A,65543,14.136300086975098,3.155940055847168,0.31731000542640686
2019,11,23,21,0,0.942218005657196,11.65410041809082,282.5,9.217100143432617,N/A,76350,14.136300086975098,3.435189962387085,0.3477799892425537
2019,11,24,0,0,0.9088870286941528,10.373299598693848,277.5,7.71560001373291,N/A,82952,14.136300086975098,3.820590019226074,0.44113999605178833
2019,11,24,3,0,0.8896999955177307,10.127900123596191,272.5,8.188400268554688,N/A,111482,15.550000190734863,4.517250061035156,0.4201200008392334
2019,11,24,6,0,0.9232710003852844,11.15880012512207,277.5,9.504300117492676,N/A,115014,15.550000190734863,4.3450398445129395,0.3544600009918213
2019,11,24,9,0,0.9352329969406128,11.128000259399414,282.5,9.425200462341309,N/A,116557,15.550000190734863,4.378499984741211,0.3541499972343445
2019,11,24,12,0,0.9397580027580261,10.942500114440918,282.5,9.168000221252441,N/A,112626,15.550000190734863,4.344840049743652,0.3622100055217743
2019,11,24,15,0,0.941070020198822,11.161999702453613,282.5,9.375200271606445,N/A,95115,14.136300086975098,3.946280002593994,0.35155999660491943
2019,11,24,18,0,0.9481080174446106,11.708000183105469,282.5,10.113800048828125,N/A,88220,14.136300086975098,3.6979799270629883,0.31393998861312866
2019,11,24,21,0,0.9459109902381897,11.617400169372559,282.5,9.941399574279785,N/A,76376,14.136300086975098,3.4569900035858154,0.31400999426841736
2019,11,25,0,0,0.9459189772605896,11.694299697875977,282.5,10.001399993896484,N/A,71325,14.136300086975098,3.328160047531128,0.3122900128364563
2019,11,25,3,0,0.9495220184326172,11.45680046081543,282.5,9.471400260925293,N/A,73286,14.136300086975098,3.4100899696350098,0.33636999130249023
2019,11,25,6,0,0.9434750080108643,11.072400093078613,282.5,8.945899963378906,N/A,70123,14.136300086975098,3.3993799686431885,0.3681600093841553
2019,11,25,9,0,0.9457970261573792,10.968700408935547,282.5,8.891200065612793,N/A,75242,14.136300086975098,3.5410399436950684,0.3707199990749359
2019,11,25,12,0,0.9419649839401245,10.823699951171875,282.5,8.769399642944336,N/A,68667,14.136300086975098,3.4103500843048096,0.3736099898815155
2019,11,25,15,0,0.9428060054779053,10.743599891662598,282.5,8.8572998046875,N/A,67335,14.136300086975098,3.395390033721924,0.3657299876213074
2019,11,25,18,0,0.9498429894447327,10.718899726867676,282.5,8.842900276184082,N/A,73683,12.851200103759766,3.5580499172210693,0.3602199852466583
2019,11,25,21,0,0.9467620253562927,10.170000076293945,282.5,8.42389965057373,N/A,72120,12.851200103759766,3.6345698833465576,0.36629000306129456
2019,11,26,0,0,0.9433389902114868,9.95989990234375,282.5,8.318099975585938,N/A,66694,15.550000190734863,3.540560007095337,0.36539000272750854
2019,11,26,3,0,0.9483640193939209,10.219400405883789,282.5,8.798500061035156,N/A,60082,12.851200103759766,3.3152599334716797,0.33465999364852905
2019,11,26,6,0,0.9515219926834106,10.638699531555176,282.5,9.26509952545166,N/A,53029,12.851200103759766,3.0402801036834717,0.31692999601364136
2019,11,26,9,0,0.9510390162467957,10.595100402832031,282.5,9.378499984741211,N/A,44313,12.851200103759766,2.789940118789673,0.3016799986362457
2019,11,26,12,0,0.955390989780426,10.827799797058105,282.5,9.708000183105469,N/A,44484,14.136300086975098,2.7609100341796875,0.2814500033855438
2019,11,26,15,0,0.954850971698761,10.833999633789062,287.5,9.831000328063965,N/A,40382,11.682900428771973,2.6326799392700195,0.2667100131511688
2019,11,26,18,0,0.956479012966156,10.923700332641602,287.5,9.998100280761719,N/A,38887,11.682900428771973,2.572499990463257,0.25266000628471375
2019,11,26,21,0,0.9340900182723999,10.030200004577637,287.5,7.683700084686279,N/A,35742,11.682900428771973,2.5801498889923096,0.3538700044155121
2019,11,27,0,0,0.894868016242981,9.23960018157959,287.5,6.792699813842773,N/A,32135,11.682900428771973,2.558109998703003,0.41273000836372375
2019,11,27,3,0,0.8613730072975159,8.525300025939941,292.5,6.095099925994873,N/A,28777,11.682900428771973,2.530679941177368,0.45737001299858093
2019,11,27,6,0,0.8136590123176575,7.991799831390381,297.5,5.780300140380859,N/A,25430,11.682900428771973,2.467329978942871,0.478410005569458
2019,11,27,9,0,0.6674709916114807,7.205900192260742,297.5,5.315400123596191,N/A,26020,11.682900428771973,2.643470048904419,0.5064600110054016
2019,11,27,12,0,0.5965219736099243,7.615600109100342,292.5,5.729599952697754,N/A,26478,10.620800018310547,2.594130039215088,0.46663999557495117
2019,11,27,15,0,0.6934170126914978,7.987599849700928,292.5,6.0030999183654785,N/A,28959,10.620800018310547,2.6456499099731445,0.4433499872684479
2019,11,27,18,0,0.7422990202903748,7.967199802398682,292.5,6.042300224304199,N/A,27980,10.620800018310547,2.6078500747680664,0.433459997177124
2019,11,27,21,0,0.7504760026931763,7.638000011444092,297.5,5.723400115966797,N/A,25138,10.620800018310547,2.531019926071167,0.45146000385284424
2019,11,28,0,0,0.7562959790229797,7.468999862670898,297.5,5.5569000244140625,N/A,22935,10.620800018310547,2.4470601081848145,0.46299999952316284
2019,11,28,3,0,0.8144670128822327,7.786900043487549,297.5,5.710000038146973,N/A,20063,10.620800018310547,2.237649917602539,0.451339989900589
2019,11,28,6,0,0.8501459956169128,7.958700180053711,297.5,5.808700084686279,N/A,17293,10.620800018310547,2.0542399883270264,0.4397599995136261
2019,11,28,9,0,0.8597850203514099,7.787300109863281,297.5,5.546299934387207,N/A,13855,10.620800018310547,1.8608299493789673,0.45645999908447266
2019,11,28,12,0,0.8485220074653625,7.405099868774414,302.5,5.164599895477295,N/A,10922,10.620800018310547,1.6978600025177002,0.48530998826026917
2019,11,28,15,0,0.8388590216636658,7.206900119781494,302.5,4.995999813079834,N/A,8454,10.620800018310547,1.517199993133545,0.4951300024986267
2019,11,28,18,0,0.8637120127677917,7.232500076293945,302.5,4.894800186157227,N/A,6407,9.655200004577637,1.3210300207138062,0.4897400140762329
2019,11,28,21,0,0.8052870035171509,6.5742998123168945,302.5,4.50600004196167,N/A,5349,9.655200004577637,1.2700799703598022,0.5280600190162659
2019,11,29,0,0,0.8658999800682068,7.156799793243408,297.5,4.848599910736084,N/A,3836,9.655200004577637,1.0304700136184692,0.47909998893737793
2019,11,29,3,0,0.872776985168457,7.2941999435424805,297.5,5.012899875640869,N/A,3106,9.655200004577637,0.9187700152397156,0.4577600061893463
2019,11,29,6,0,0.8476439714431763,6.972499847412109,297.5,4.6707000732421875,N/A,2612,8.77750015258789,0.8617799878120422,0.4965600073337555
2019,11,29,9,0,0.8432769775390625,7.087299823760986,292.5,4.799200057983398,N/A,2261,8.77750015258789,0.7937700152397156,0.4952099919319153
2019,11,29,12,0,0.8477929830551147,7.314599990844727,292.5,5.01669979095459,N/A,2099,8.77750015258789,0.751230001449585,0.4856500029563904
2019,11,29,15,0,0.8571540117263794,7.704999923706055,287.5,5.442699909210205,N/A,1976,8.77750015258789,0.7079100012779236,0.46588999032974243
2019,11,29,18,0,0.8555579781532288,7.992099761962891,282.5,5.848700046539307,N/A,1887,7.979499816894531,0.6765999794006348,0.45963001251220703
2019,11,29,21,0,0.8732789754867554,8.563899993896484,282.5,6.655700206756592,N/A,1847,7.979499816894531,0.6428300142288208,0.43546000123023987
2019,11,30,0,0,0.8900529742240906,9.085800170898438,282.5,7.227200031280518,N/A,1857,15.550000190734863,0.622189998626709,0.4202899932861328
2019,11,30,3,0,0.8989390134811401,9.477999687194824,277.5,7.589799880981445,N/A,1878,15.550000190734863,0.6096900105476379,0.41144001483917236
2019,11,30,6,0,0.890408992767334,8.634499549865723,277.5,4.6992998123168945,N/A,1950,14.136300086975098,0.6505200266838074,0.5546600222587585
2019,11,30,9,0,0.8929470181465149,9.565999984741211,277.5,5.4868998527526855,N/A,2375,14.136300086975098,0.6769300103187561,0.5808699727058411
2019,11,30,12,0,0.9340929985046387,12.678600311279297,277.5,6.82919979095459,N/A,4956,20.697200775146484,0.836359977722168,0.5215700268745422
2019,11,30,15,0,0.9532819986343384,14.734299659729004,277.5,8.663999557495117,N/A,12440,18.81559944152832,1.2149800062179565,0.4073199927806854
2019,11,30,18,0,0.9525160193443298,14.719400405883789,277.5,9.748100280761719,N/A,24084,17.104999542236328,1.683359980583191,0.35666999220848083
2019,11,30,21,0,0.9443619847297668,13.920599937438965,277.5,9.246600151062012,N/A,33024,17.104999542236328,2.027440071105957,0.3682200014591217
2019,12,1,0,0,0.9298930168151855,12.953700065612793,277.5,8.488699913024902,N/A,37826,15.550000190734863,2.255539894104004,0.3990800082683563
2019,12,1,3,0,0.9210360050201416,12.577199935913086,277.5,8.553799629211426,N/A,38605,15.550000190734863,2.3195199966430664,0.39298000931739807
2019,12,1,6,0,0.9054669737815857,11.812000274658203,282.5,7.725399971008301,N/A,38061,15.550000190734863,2.3853800296783447,0.4326399862766266
2019,12,1,9,0,0.8690770268440247,10.813599586486816,282.5,7.05620002746582,N/A,37649,14.136300086975098,2.4930601119995117,0.4808099865913391
2019,12,1,12,0,0.8593609929084778,11.253800392150879,277.5,8.0802001953125,N/A,35329,14.136300086975098,2.3747398853302,0.404339998960495
2019,12,1,15,0,0.8050240278244019,10.92650032043457,267.5,8.277299880981445,N/A,37429,14.136300086975098,2.497459888458252,0.37522000074386597
2019,12,1,18,0,0.7646129727363586,10.858400344848633,257.5,8.746399879455566,N/A,34187,14.136300086975098,2.40474009513855,0.335860013961792
2019,12,1,21,0,0.7417150139808655,11.027700424194336,252.5,9.045599937438965,N/A,37692,14.136300086975098,2.5044898986816406,0.3082999885082245
2019,12,2,0,0,0.7230640053749084,11.152999877929688,247.5,9.545100212097168,N/A,36133,12.851200103759766,2.441119909286499,0.2751399874687195
2019,12,2,3,0,0.7185879945755005,11.051199913024902,237.5,9.934000015258789,N/A,38945,12.851200103759766,2.55718994140625,0.24098999798297882
2019,12,2,6,0,0.7185890078544617,10.756500244140625,232.5,9.993300437927246,N/A,37443,12.851200103759766,2.5564000606536865,0.22217999398708344
2019,12,2,9,0,0.7075679898262024,10.527000427246094,232.5,9.890899658203125,N/A,33814,11.682900428771973,2.4652700424194336,0.21397000551223755
2019,12,2,12,0,0.7034209966659546,10.187700271606445,232.5,9.57859992980957,N/A,28027,11.682900428771973,2.2923200130462646,0.2160000056028366
2019,12,2,15,0,0.6917740106582642,9.996100425720215,237.5,9.39430046081543,N/A,24491,11.682900428771973,2.169490098953247,0.21619999408721924
2019,12,2,18,0,0.690805971622467,9.804900169372559,232.5,9.227800369262695,N/A,20880,10.620800018310547,2.0290300846099854,0.21421000361442566
2019,12,2,21,0,0.6905720233917236,9.723600387573242,237.5,9.180700302124023,N/A,18525,10.620800018310547,1.9231200218200684,0.21012000739574432
2019,12,3,0,0,0.692264974117279,9.392399787902832,237.5,8.697799682617188,N/A,16332,10.620800018310547,1.8427300453186035,0.2335599958896637
2019,12,3,3,0,0.6918290257453918,9.214900016784668,237.5,8.409600257873535,N/A,14516,10.620800018310547,1.7555899620056152,0.2547599971294403
2019,12,3,6,0,0.6907389760017395,9.007100105285645,237.5,7.622799873352051,N/A,13101,9.655200004577637,1.6840900182724,0.31240999698638916
2019,12,3,9,0,0.6900720000267029,8.722900390625,242.5,6.979100227355957,N/A,12207,9.655200004577637,1.649340033531189,0.363970011472702
2019,12,3,12,0,0.6870750188827515,8.602700233459473,247.5,6.657400131225586,N/A,13251,9.655200004577637,1.7256900072097778,0.4007999897003174
2019,12,3,15,0,0.7122169733047485,8.999099731445312,257.5,7.051199913024902,N/A,15929,9.655200004577637,1.841480016708374,0.40077999234199524
2019,12,3,18,0,0.7471129894256592,9.177300453186035,267.5,6.896100044250488,N/A,21714,9.655200004577637,2.1135098934173584,0.44707000255584717
2019,12,3,21,0,0.8098769783973694,9.923600196838379,282.5,7.386099815368652,N/A,45319,15.550000190734863,2.8987998962402344,0.44944998621940613
2019,12,4,0,0,0.8180199861526489,10.127699851989746,282.5,7.7480998039245605,N/A,60115,15.550000190734863,3.29967999458313,0.4263699948787689
2019,12,4,3,0,0.8409730195999146,10.419599533081055,282.5,8.07610034942627,N/A,60389,14.136300086975098,3.2545900344848633,0.40244001150131226
2019,12,4,6,0,0.8343759775161743,10.133000373840332,282.5,7.753799915313721,N/A,59263,14.136300086975098,3.2743000984191895,0.41457998752593994
2019,12,4,9,0,0.847341001033783,10.28439998626709,282.5,8.153200149536133,N/A,55495,14.136300086975098,3.149009943008423,0.38433998823165894
2019,12,4,12,0,0.8880529999732971,10.887999534606934,287.5,9.387700080871582,N/A,47348,14.136300086975098,2.8263299465179443,0.314410001039505
2019,12,4,15,0,0.9071660041809082,11.030900001525879,287.5,9.784600257873535,N/A,41522,12.851200103759766,2.631969928741455,0.28575000166893005
2019,12,4,18,0,0.91457200050354,10.795599937438965,287.5,9.556900024414062,N/A,37680,12.851200103759766,2.54052996635437,0.2917799949645996
2019,12,4,21,0,0.9171450138092041,10.785900115966797,287.5,9.619500160217285,N/A,34498,12.851200103759766,2.434109926223755,0.28481000661849976
2019,12,5,0,0,0.9188640117645264,10.768400192260742,287.5,9.68850040435791,N/A,32983,12.851200103759766,2.3843400478363037,0.2781299948692322
2019,12,5,3,0,0.918241024017334,10.803400039672852,287.5,9.7701997756958,N/A,31140,12.851200103759766,2.3134400844573975,0.27180999517440796
2019,12,5,6,0,0.9163950085639954,10.832200050354004,287.5,9.796099662780762,N/A,28546,12.851200103759766,2.212549924850464,0.266620010137558
2019,12,5,9,0,0.9111639857292175,10.720199584960938,287.5,9.505200386047363,N/A,25164,11.682900428771973,2.090859889984131,0.2713199853897095
2019,12,5,12,0,0.901157021522522,10.605400085449219,287.5,9.439200401306152,N/A,20856,11.682900428771973,1.9165600538253784,0.27230000495910645
2019,12,5,15,0,0.9108579754829407,10.664400100708008,287.5,9.48859977722168,N/A,20309,11.682900428771973,1.886639952659607,0.2610499858856201
2019,12,5,18,0,0.9073389768600464,10.572799682617188,287.5,9.276399612426758,N/A,17869,11.682900428771973,1.7795000076293945,0.267520010471344
2019,12,5,21,0,0.8989310264587402,10.54319953918457,282.5,8.953700065612793,N/A,15914,11.682900428771973,1.6821600198745728,0.2885400056838989
2019,12,6,0,0,0.8480979800224304,10.06879997253418,277.5,8.40939998626709,N/A,15607,11.682900428771973,1.7064000368118286,0.36601999402046204
2019,12,6,3,0,0.8026279807090759,9.767999649047852,272.5,7.381400108337402,N/A,15104,11.682900428771973,1.7014800310134888,0.4466400146484375
2019,12,6,6,0,0.8091170191764832,10.146900177001953,272.5,7.391499996185303,N/A,19500,17.104999542236328,1.8831100463867188,0.47308000922203064
2019,12,6,9,0,0.7983899712562561,10.160799980163574,262.5,7.631100177764893,N/A,23484,17.104999542236328,2.0655999183654785,0.45214998722076416
2019,12,6,12,0,0.8076980113983154,10.724900245666504,257.5,8.858799934387207,N/A,28810,15.550000190734863,2.2242300510406494,0.3752700090408325
2019,12,6,15,0,0.8180959820747375,10.960599899291992,252.5,9.587599754333496,N/A,34865,15.550000190734863,2.4230101108551025,0.31839999556541443
2019,12,6,18,0,0.8272770047187805,10.911299705505371,247.5,9.753800392150879,N/A,39275,14.136300086975098,2.5826001167297363,0.289139986038208
2019,12,6,21,0,0.8434410095214844,10.836099624633789,237.5,9.72920036315918,N/A,42660,14.136300086975098,2.7054500579833984,0.2701700031757355
2019,12,7,0,0,0.8615670204162598,10.535900115966797,227.5,9.32919979095459,N/A,51835,12.851200103759766,3.030060052871704,0.28373000025749207
2019,12,7,3,0,0.875594973564148,10.351400375366211,222.5,9.300299644470215,N/A,55374,12.851200103759766,3.1706299781799316,0.2731800079345703
2019,12,7,6,0,0.8724799752235413,10.204999923706055,217.5,9.21310043334961,N/A,46234,11.682900428771973,2.924959897994995,0.26912999153137207
2019,12,7,9,0,0.8502349853515625,10.199199676513672,217.5,9.290499687194824,N/A,39618,11.682900428771973,2.7117600440979004,0.257750004529953
2019,12,7,12,0,0.8484920263290405,10.103799819946289,217.5,9.27280044555664,N/A,33144,11.682900428771973,2.4981000423431396,0.2480500042438507
2019,12,7,15,0,0.837660014629364,9.691699981689453,217.5,8.400099754333496,N/A,29529,11.682900428771973,2.414249897003174,0.28356000781059265
2019,12,7,18,0,0.8290600180625916,9.620400428771973,217.5,8.487199783325195,N/A,28040,11.682900428771973,2.3648900985717773,0.27731001377105713
2019,12,7,21,0,0.832614004611969,9.857999801635742,217.5,8.979000091552734,N/A,27976,11.682900428771973,2.332350015640259,0.2499299943447113
2019,12,8,0,0,0.8442969918251038,10.049500465393066,217.5,9.319199562072754,N/A,28678,11.682900428771973,2.3372700214385986,0.23055000603199005
2019,12,8,3,0,0.8495420217514038,10.093400001525879,217.5,9.421699523925781,N/A,28067,10.620800018310547,2.3080201148986816,0.22277000546455383
2019,12,8,6,0,0.8306959867477417,10.006500244140625,217.5,9.388400077819824,N/A,26516,10.620800018310547,2.257390022277832,0.21852999925613403
2019,12,8,9,0,0.7846909761428833,9.831600189208984,227.5,9.251199722290039,N/A,25241,10.620800018310547,2.226439952850342,0.22421999275684357
2019,12,8,12,0,0.7573919892311096,9.704899787902832,232.5,9.070300102233887,N/A,23359,10.620800018310547,2.155639886856079,0.24334999918937683
2019,12,8,15,0,0.7337890267372131,9.712699890136719,237.5,9.020899772644043,N/A,22060,10.620800018310547,2.0915699005126953,0.25523000955581665
2019,12,8,18,0,0.718517005443573,9.76990032196045,242.5,9.05679988861084,N/A,21241,10.620800018310547,2.044189929962158,0.25749000906944275
2019,12,8,21,0,0.7121139764785767,9.824600219726562,247.5,9.100600242614746,N/A,20512,9.655200004577637,2.0015599727630615,0.2583700120449066
2019,12,9,0,0,0.7163280248641968,9.94159984588623,252.5,9.184499740600586,N/A,20543,9.655200004577637,1.987470030784607,0.263729989528656
2019,12,9,3,0,0.7180709838867188,9.962300300598145,257.5,9.150899887084961,N/A,19147,9.655200004577637,1.9147100448608398,0.2753799855709076
2019,12,9,6,0,0.7339490056037903,10.19729995727539,257.5,9.290800094604492,N/A,19106,9.655200004577637,1.8831100463867188,0.2879500091075897
2019,12,9,9,0,0.759145975112915,10.56719970703125,262.5,9.538000106811523,N/A,19504,9.655200004577637,1.858590006828308,0.29927000403404236
2019,12,9,12,0,0.8133379817008972,11.320599555969238,272.5,10.197400093078613,N/A,23829,14.136300086975098,1.9659600257873535,0.2896899878978729
2019,12,9,15,0,0.8402119874954224,11.64169979095459,272.5,10.563799858093262,N/A,25918,14.136300086975098,2.0145299434661865,0.27147001028060913
2019,12,9,18,0,0.8506209850311279,11.759599685668945,272.5,10.735199928283691,N/A,24747,14.136300086975098,1.9568099975585938,0.2600499987602234
2019,12,9,21,0,0.8580989837646484,11.644599914550781,272.5,10.635000228881836,N/A,23010,14.136300086975098,1.9002000093460083,0.2549799978733063
2019,12,10,0,0,0.8576250076293945,11.283900260925293,272.5,9.972599983215332,N/A,20956,12.851200103759766,1.8465499877929688,0.2863900065422058
2019,12,10,3,0,0.843280017375946,10.936300277709961,267.5,9.474800109863281,N/A,17176,12.851200103759766,1.703179955482483,0.31066998839378357
2019,12,10,6,0,0.8297529816627502,10.128399848937988,262.5,7.836699962615967,N/A,13981,12.851200103759766,1.601639986038208,0.39724001288414
2019,12,10,9,0,0.8222879767417908,9.14490032196045,252.5,6.928100109100342,N/A,15191,12.851200103759766,1.765570044517517,0.46592000126838684
2019,12,10,12,0,0.8346840143203735,8.866299629211426,242.5,6.799200057983398,N/A,20083,15.550000190734863,2.0670599937438965,0.47484999895095825
2019,12,10,15,0,0.856374979019165,9.226699829101562,242.5,7.169600009918213,N/A,31319,15.550000190734863,2.524940013885498,0.44385001063346863
2019,12,10,18,0,0.883741021156311,9.569000244140625,237.5,7.767899990081787,N/A,53542,14.136300086975098,3.2450900077819824,0.3873099982738495
2019,12,10,21,0,0.8788800239562988,10.02810001373291,237.5,8.255399703979492,N/A,61994,12.851200103759766,3.396660089492798,0.36542001366615295
2019,12,11,0,0,0.8830869793891907,10.472000122070312,242.5,8.85200023651123,N/A,58373,12.851200103759766,3.2165000438690186,0.3370699882507324
2019,12,11,3,0,0.8851029872894287,10.817500114440918,242.5,9.181900024414062,N/A,54386,12.851200103759766,3.0456900596618652,0.3264699876308441
2019,12,11,6,0,0.8843160271644592,11.193499565124512,247.5,9.589500427246094,N/A,54609,12.851200103759766,2.9913899898529053,0.3140200078487396
2019,12,11,9,0,0.8811439871788025,11.245599746704102,252.5,9.630800247192383,N/A,52443,12.851200103759766,2.924220085144043,0.3131600022315979
2019,12,11,12,0,0.8722360134124756,11.029600143432617,252.5,9.26729965209961,N/A,48523,12.851200103759766,2.843590021133423,0.3349800109863281
2019,12,11,15,0,0.8581569790840149,10.497099876403809,252.5,8.60770034790039,N/A,43629,12.851200103759766,2.7742300033569336,0.36296001076698303
2019,12,11,18,0,0.8386160135269165,9.8725004196167,247.5,7.872399806976318,N/A,37017,11.682900428771973,2.647739887237549,0.38778001070022583
2019,12,11,21,0,0.8122450113296509,8.985600471496582,242.5,7.114799976348877,N/A,42363,15.550000190734863,2.9909400939941406,0.4219000041484833
2019,12,12,0,0,0.8211820125579834,9.365300178527832,242.5,7.3643999099731445,N/A,65023,15.550000190734863,3.612410068511963,0.42006999254226685
2019,12,12,3,0,0.863897979259491,10.29539966583252,242.5,8.84220027923584,N/A,116104,14.136300086975098,4.585440158843994,0.33270999789237976
2019,12,12,6,0,0.8847169876098633,10.947799682617188,242.5,9.681300163269043,N/A,105576,14.136300086975098,4.222249984741211,0.2991499900817871
2019,12,12,9,0,0.8830010294914246,11.17549991607666,242.5,9.50100040435791,N/A,99141,12.851200103759766,4.043859958648682,0.3487499952316284
2019,12,12,12,0,0.8897600173950195,12.277999877929688,252.5,10.206299781799316,N/A,126907,18.81559944152832,4.3269500732421875,0.3657200038433075
2019,12,12,15,0,0.9103869795799255,13.082799911499023,257.5,11.235099792480469,N/A,154892,17.104999542236328,4.601150035858154,0.3266899883747101
2019,12,12,18,0,0.9230890274047852,13.289299964904785,257.5,11.683699607849121,N/A,160071,17.104999542236328,4.632800102233887,0.30351001024246216
2019,12,12,21,0,0.9298880100250244,13.445300102233887,262.5,11.894100189208984,N/A,163103,17.104999542236328,4.645219802856445,0.2965100109577179
2019,12,13,0,0,0.9299460053443909,13.538399696350098,262.5,12.053099632263184,N/A,150955,17.104999542236328,4.454150199890137,0.2945399880409241
2019,12,13,3,0,0.9325429797172546,13.775799751281738,262.5,12.315899848937988,N/A,150965,15.550000190734863,4.411330223083496,0.2899799942970276
2019,12,13,6,0,0.9358440041542053,13.82759952545166,262.5,12.353099822998047,N/A,149213,15.550000190734863,4.374360084533691,0.2868399918079376
2019,12,13,9,0,0.9402009844779968,13.902899742126465,267.5,12.481399536132812,N/A,153534,15.550000190734863,4.420650005340576,0.2786099910736084
2019,12,13,12,0,0.9429360032081604,13.96500015258789,267.5,12.641799926757812,N/A,157257,15.550000190734863,4.460020065307617,0.268530011177063
2019,12,13,15,0,0.942674994468689,13.925200462341309,272.5,12.670100212097168,N/A,152597,17.104999542236328,4.397779941558838,0.261790007352829
2019,12,13,18,0,0.9408850073814392,13.830400466918945,272.5,12.592300415039062,N/A,139913,17.104999542236328,4.22661018371582,0.26142001152038574
2019,12,13,21,0,0.9405859708786011,13.86400032043457,272.5,12.636500358581543,N/A,131751,17.104999542236328,4.094079971313477,0.25819000601768494
2019,12,14,0,0,0.9482439756393433,13.880900382995605,277.5,12.759300231933594,N/A,137980,15.550000190734863,4.185269832611084,0.24630999565124512
2019,12,14,3,0,0.94861900806427,13.633399963378906,277.5,12.543299674987793,N/A,123142,15.550000190734863,3.994760036468506,0.2463500052690506
2019,12,14,6,0,0.9487460255622864,13.402899742126465,277.5,12.345000267028809,N/A,109982,15.550000190734863,3.812350034713745,0.24521000683307648
2019,12,14,9,0,0.9478520154953003,13.161100387573242,277.5,12.13129997253418,N/A,96764,15.550000190734863,3.6140100955963135,0.24449999630451202
2019,12,14,12,0,0.9448630213737488,12.903900146484375,277.5,11.879300117492676,N/A,82126,15.550000190734863,3.369080066680908,0.24741999804973602
2019,12,14,15,0,0.9466710090637207,12.730199813842773,282.5,11.746500015258789,N/A,75428,14.136300086975098,3.255549907684326,0.24445000290870667
2019,12,14,18,0,0.9452090263366699,12.45300006866455,282.5,11.486900329589844,N/A,64300,14.136300086975098,3.0466198921203613,0.24598999321460724
2019,12,14,21,0,0.9427090287208557,12.143400192260742,282.5,11.196999549865723,N/A,53535,14.136300086975098,2.8231000900268555,0.2469100058078766
2019,12,15,0,0,0.9382879734039307,11.813799858093262,282.5,10.878899574279785,N/A,43262,14.136300086975098,2.581199884414673,0.2490600049495697
2019,12,15,3,0,0.9352989792823792,11.584600448608398,282.5,10.663599967956543,N/A,36460,14.136300086975098,2.398560047149658,0.24886000156402588
2019,12,15,6,0,0.9275519847869873,11.323699951171875,277.5,10.40410041809082,N/A,29590,12.851200103759766,2.191920042037964,0.25189998745918274
2019,12,15,9,0,0.9292569756507874,11.275899887084961,277.5,10.408599853515625,N/A,28828,12.851200103759766,2.1710100173950195,0.24379999935626984
2019,12,15,12,0,0.9290450215339661,11.214400291442871,277.5,10.407699584960938,N/A,30337,12.851200103759766,2.2367799282073975,0.2369299978017807
2019,12,15,15,0,0.9363499879837036,11.256400108337402,272.5,10.505499839782715,N/A,35784,12.851200103759766,2.425189971923828,0.22763000428676605
2019,12,15,18,0,0.9377599954605103,11.184399604797363,272.5,10.441499710083008,N/A,37359,11.682900428771973,2.488189935684204,0.22803999483585358
2019,12,15,21,0,0.9327200055122375,10.960000038146973,272.5,10.18019962310791,N/A,34891,11.682900428771973,2.4351398944854736,0.23366999626159668
2019,12,16,0,0,0.9250339865684509,10.503100395202637,272.5,9.149299621582031,N/A,30541,11.682900428771973,2.3343300819396973,0.2721000015735626
2019,12,16,3,0,0.9053909778594971,9.790900230407715,272.5,7.9608001708984375,N/A,27042,11.682900428771973,2.2833099365234375,0.33191001415252686
2019,12,16,6,0,0.8575850129127502,8.858499526977539,267.5,6.929299831390381,N/A,21288,11.682900428771973,2.142590045928955,0.38780999183654785
2019,12,16,9,0,0.7857199907302856,7.8495001792907715,252.5,6.14709997177124,N/A,21174,11.682900428771973,2.2879199981689453,0.4249599874019623
2019,12,16,12,0,0.7894229888916016,7.948800086975098,237.5,6.542399883270264,N/A,25784,7.979499816894531,2.518889904022217,0.3822700083255768
2019,12,16,15,0,0.7876260280609131,8.211400032043457,232.5,6.749899864196777,N/A,30491,7.979499816894531,2.687809944152832,0.3862900137901306
2019,12,16,18,0,0.7752879858016968,8.497200012207031,237.5,6.957600116729736,N/A,39374,7.979499816894531,2.9895598888397217,0.399370014667511
2019,12,16,21,0,0.7552869915962219,8.77910041809082,237.5,7.14300012588501,N/A,49841,7.979499816894531,3.2937400341033936,0.4134100079536438
2019,12,17,0,0,0.7593340277671814,9.256999969482422,247.5,7.509900093078613,N/A,59184,14.136300086975098,3.475019931793213,0.41214999556541443
2019,12,17,3,0,0.8027359843254089,10.003299713134766,257.5,8.1875,N/A,64287,14.136300086975098,3.4612700939178467,0.38258999586105347
2019,12,17,6,0,0.8388530015945435,10.4266996383667,257.5,8.809000015258789,N/A,67724,14.136300086975098,3.472529888153076,0.3513599932193756
2019,12,17,9,0,0.8503599762916565,10.465700149536133,257.5,9.060199737548828,N/A,60996,14.136300086975098,3.29502010345459,0.33647000789642334
2019,12,17,12,0,0.860355019569397,10.613300323486328,257.5,9.236499786376953,N/A,61558,14.136300086975098,3.286250114440918,0.3302899897098541
2019,12,17,15,0,0.8650339841842651,10.749500274658203,252.5,9.272500038146973,N/A,66704,14.136300086975098,3.395620107650757,0.33344998955726624
2019,12,17,18,0,0.8783329725265503,10.837599754333496,247.5,9.364800453186035,N/A,74572,11.682900428771973,3.5731399059295654,0.33105000853538513
2019,12,17,21,0,0.8871909976005554,11.44159984588623,252.5,9.849699974060059,N/A,102282,12.851200103759766,4.045340061187744,0.32558000087738037
2019,12,18,0,0,0.8868579864501953,11.754199981689453,252.5,10.325200080871582,N/A,120007,12.851200103759766,4.310800075531006,0.3050900101661682
2019,12,18,3,0,0.8763300180435181,11.818900108337402,252.5,10.444899559020996,N/A,126669,12.851200103759766,4.414159774780273,0.296640008687973
2019,12,18,6,0,0.8640869855880737,11.729399681091309,252.5,10.423700332641602,N/A,124889,12.851200103759766,4.404449939727783,0.29203999042510986
2019,12,18,9,0,0.8409090042114258,11.059100151062012,252.5,9.129199981689453,N/A,117789,15.550000190734863,4.41972017288208,0.3374600112438202
2019,12,18,12,0,0.8269860148429871,10.349200248718262,242.5,8.750699996948242,N/A,106326,11.682900428771973,4.375529766082764,0.3423599898815155
2019,12,18,15,0,0.7990059852600098,9.985300064086914,242.5,8.257100105285645,N/A,97601,15.550000190734863,4.277989864349365,0.3593200147151947
2019,12,18,18,0,0.7874000072479248,9.838600158691406,237.5,8.381699562072754,N/A,85171,11.682900428771973,4.039140224456787,0.3422900140285492
2019,12,18,21,0,0.7565900087356567,9.567500114440918,237.5,7.993899822235107,N/A,79422,14.136300086975098,3.961199998855591,0.35482001304626465
2019,12,19,0,0,0.7441689968109131,9.008700370788574,227.5,7.422100067138672,N/A,66876,10.620800018310547,3.7681400775909424,0.36546000838279724
2019,12,19,3,0,0.7345340251922607,9.029800415039062,227.5,7.628300189971924,N/A,59946,10.620800018310547,3.566509962081909,0.3514699935913086
2019,12,19,6,0,0.7234050035476685,9.71780014038086,237.5,8.548299789428711,N/A,54648,12.851200103759766,3.2677700519561768,0.30981001257896423
2019,12,19,9,0,0.739175021648407,10.075599670410156,247.5,9.048700332641602,N/A,53783,12.851200103759766,3.179680109024048,0.2790699899196625
2019,12,19,12,0,0.7607960104942322,10.220499992370605,252.5,9.181300163269043,N/A,52935,12.851200103759766,3.1303000450134277,0.26809000968933105
2019,12,19,15,0,0.7729340195655823,10.004599571228027,252.5,8.595999717712402,N/A,48635,11.682900428771973,3.0343399047851562,0.29899001121520996
2019,12,19,18,0,0.7605839967727661,9.196100234985352,252.5,7.260000228881836,N/A,46681,11.682900428771973,3.1076600551605225,0.38631999492645264
2019,12,19,21,0,0.7480689883232117,9.060500144958496,237.5,7.614500045776367,N/A,66693,9.655200004577637,3.7587599754333496,0.37314000725746155
2019,12,20,0,0,0.7582229971885681,10.312299728393555,247.5,8.996199607849121,N/A,83474,9.655200004577637,3.9030799865722656,0.35249000787734985
2019,12,20,3,0,0.8123639822006226,11.355299949645996,257.5,9.674699783325195,N/A,97793,18.81559944152832,3.9806699752807617,0.37026000022888184
2019,12,20,6,0,0.8319770097732544,11.621999740600586,262.5,9.467000007629395,N/A,117396,17.104999542236328,4.289559841156006,0.3891099989414215
2019,12,20,9,0,0.8395249843597412,12.25879955291748,262.5,10.324999809265137,N/A,135999,17.104999542236328,4.473249912261963,0.35023999214172363
2019,12,20,12,0,0.8484579920768738,12.792200088500977,267.5,11.3681001663208,N/A,139850,17.104999542236328,4.42765998840332,0.29818999767303467
2019,12,20,15,0,0.8467180132865906,12.820899963378906,267.5,11.594599723815918,N/A,131563,17.104999542236328,4.289850234985352,0.2776300013065338
2019,12,20,18,0,0.8330690264701843,12.658499717712402,262.5,11.641900062561035,N/A,119654,15.550000190734863,4.12401008605957,0.2606300115585327
2019,12,20,21,0,0.817359983921051,12.506099700927734,262.5,11.632800102233887,N/A,115145,15.550000190734863,4.075689792633057,0.24455000460147858
2019,12,21,0,0,0.8122720122337341,12.240099906921387,257.5,11.440899848937988,N/A,105433,15.550000190734863,3.9526500701904297,0.2370699942111969
2019,12,21,3,0,0.8016240000724792,11.930899620056152,257.5,11.18970012664795,N/A,93109,14.136300086975098,3.7748301029205322,0.23235000669956207
2019,12,21,6,0,0.789454996585846,11.796799659729004,252.5,11.124099731445312,N/A,92531,14.136300086975098,3.7906200885772705,0.2219499945640564
2019,12,21,9,0,0.7822110056877136,11.571900367736816,247.5,10.936400413513184,N/A,83161,11.682900428771973,3.6383299827575684,0.21727000176906586
2019,12,21,12,0,0.7811400294303894,11.396900177001953,247.5,10.791000366210938,N/A,74466,11.682900428771973,3.4772799015045166,0.2122800052165985
2019,12,21,15,0,0.7817659974098206,11.263099670410156,247.5,10.68019962310791,N/A,67628,11.682900428771973,3.339859962463379,0.20843000710010529
2019,12,21,18,0,0.7836359739303589,11.125900268554688,247.5,10.560600280761719,N/A,61125,11.682900428771973,3.2014100551605225,0.2062000036239624
2019,12,21,21,0,0.784745991230011,10.977800369262695,242.5,10.4306001663208,N/A,55157,11.682900428771973,3.068619966506958,0.20397000014781952
2019,12,22,0,0,0.781361997127533,10.888999938964844,242.5,10.359000205993652,N/A,51556,11.682900428771973,2.9832499027252197,0.20095999538898468
2019,12,22,3,0,0.7744560241699219,10.826700210571289,242.5,10.299699783325195,N/A,48974,11.682900428771973,2.9189200401306152,0.19984999299049377
2019,12,22,6,0,0.7664939761161804,10.720499992370605,242.5,10.142399787902832,N/A,46572,11.682900428771973,2.864300012588501,0.20388999581336975
2019,12,22,9,0,0.7604209780693054,10.568499565124512,247.5,9.831100463867188,N/A,44428,11.682900428771973,2.8206400871276855,0.21889999508857727
2019,12,22,12,0,0.7572020292282104,10.47089958190918,247.5,9.805700302124023,N/A,40296,10.620800018310547,2.702699899673462,0.21823999285697937
2019,12,22,15,0,0.7630329728126526,10.472700119018555,247.5,9.886199951171875,N/A,39301,10.620800018310547,2.669719934463501,0.21367999911308289
2019,12,22,18,0,0.7669469714164734,10.364399909973145,252.5,9.809900283813477,N/A,37195,10.620800018310547,2.6148600578308105,0.21160000562667847
2019,12,22,21,0,0.7665889859199524,10.224200248718262,252.5,9.696499824523926,N/A,34237,10.620800018310547,2.5314900875091553,0.20753000676631927
2019,12,23,0,0,0.7634310126304626,10.045299530029297,252.5,9.531599998474121,N/A,29546,10.620800018310547,2.3787600994110107,0.2060600072145462
2019,12,23,3,0,0.7644649744033813,9.923199653625488,252.5,9.435999870300293,N/A,27495,10.620800018310547,2.3138599395751953,0.20059999823570251
2019,12,23,6,0,0.7537040114402771,9.71780014038086,257.5,9.241800308227539,N/A,23627,10.620800018310547,2.17399001121521,0.19986000657081604
2019,12,23,9,0,0.7524499893188477,9.534799575805664,252.5,8.94629955291748,N/A,20029,9.655200004577637,2.0224099159240723,0.2214300036430359
2019,12,23,12,0,0.7838580012321472,9.732199668884277,257.5,9.037199974060059,N/A,20140,9.655200004577637,1.9978699684143066,0.24217000603675842
2019,12,23,15,0,0.8235560059547424,10.018899917602539,262.5,9.250399589538574,N/A,21951,9.655200004577637,2.045419931411743,0.24818000197410583
2019,12,23,18,0,0.8422549962997437,10.082200050354004,262.5,9.314000129699707,N/A,21869,11.682900428771973,2.0337300300598145,0.24498000741004944
2019,12,23,21,0,0.8501759767532349,10.05150032043457,267.5,9.337499618530273,N/A,20886,11.682900428771973,1.9928799867630005,0.23709000647068024
2019,12,24,0,0,0.8510090112686157,9.942700386047363,267.5,9.266599655151367,N/A,19242,11.682900428771973,1.9269599914550781,0.23309999704360962
2019,12,24,3,0,0.8527969717979431,9.860199928283691,272.5,8.982000350952148,N/A,17946,11.682900428771973,1.87021005153656,0.2401600033044815
2019,12,24,6,0,0.8563569784164429,9.792900085449219,277.5,8.888999938964844,N/A,16637,10.620800018310547,1.8078199625015259,0.24500000476837158
2019,12,24,9,0,0.858024001121521,9.669899940490723,277.5,8.665800094604492,N/A,15039,10.620800018310547,1.7318999767303467,0.25154998898506165
2019,12,24,12,0,0.8515089750289917,9.479499816894531,277.5,8.349499702453613,N/A,12964,10.620800018310547,1.6269099712371826,0.26462000608444214
2019,12,24,15,0,0.8361369967460632,9.282299995422363,277.5,7.985799789428711,N/A,10522,10.620800018310547,1.4828200340270996,0.29218000173568726
2019,12,24,18,0,0.8271549940109253,9.324199676513672,277.5,7.7204999923706055,N/A,9179,9.655200004577637,1.3775899410247803,0.34648001194000244
2019,12,24,21,0,0.8709980249404907,10.257800102233887,282.5,8.377799987792969,N/A,12815,11.682900428771973,1.5376399755477905,0.3693000078201294
2019,12,25,0,0,0.9171919822692871,11.089500427246094,282.5,9.36870002746582,N/A,23052,10.620800018310547,1.973449945449829,0.3607200086116791
2019,12,25,3,0,0.9430699944496155,12.07800006866455,282.5,10.361900329589844,N/A,43093,18.81559944152832,2.5586700439453125,0.3549700081348419
2019,12,25,6,0,0.9531049728393555,13.009699821472168,282.5,11.244799613952637,N/A,64796,18.81559944152832,2.995389938354492,0.33360999822616577
2019,12,25,9,0,0.958283007144928,13.659600257873535,282.5,11.970499992370605,N/A,80812,18.81559944152832,3.2461700439453125,0.30656999349594116
2019,12,25,12,0,0.9607980251312256,14.112899780273438,282.5,12.540200233459473,N/A,89677,17.104999542236328,3.351830005645752,0.2837600111961365
2019,12,25,15,0,0.9619449973106384,14.369999885559082,282.5,12.893799781799316,N/A,90840,17.104999542236328,3.3357200622558594,0.2679400146007538
2019,12,25,18,0,0.961372971534729,14.502400398254395,282.5,13.105999946594238,N/A,88837,17.104999542236328,3.2789199352264404,0.25525999069213867
2019,12,25,21,0,0.9619929790496826,14.54069995880127,277.5,13.293700218200684,N/A,90945,17.104999542236328,3.3100500106811523,0.23984000086784363
2019,12,26,0,0,0.9627050161361694,14.38129997253418,277.5,13.274299621582031,N/A,89392,17.104999542236328,3.3007400035858154,0.23037999868392944
2019,12,26,3,0,0.9658920168876648,14.224699974060059,277.5,13.244799613952637,N/A,91331,15.550000190734863,3.355799913406372,0.22154000401496887
2019,12,26,6,0,0.9676079750061035,13.836099624633789,277.5,12.931599617004395,N/A,84037,15.550000190734863,3.271120071411133,0.22066999971866608
2019,12,26,9,0,0.9616550207138062,13.517499923706055,277.5,12.580400466918945,N/A,69970,15.550000190734863,3.025360107421875,0.225600004196167
2019,12,26,12,0,0.9602569937705994,13.242799758911133,277.5,12.262499809265137,N/A,62533,15.550000190734863,2.8947300910949707,0.22707000374794006
2019,12,26,15,0,0.9586740136146545,12.891500473022461,277.5,11.901200294494629,N/A,53847,15.550000190734863,2.729909896850586,0.22940999269485474
2019,12,26,18,0,0.9562990069389343,12.481900215148926,277.5,11.47249984741211,N/A,44801,14.136300086975098,2.539479970932007,0.2326200008392334
2019,12,26,21,0,0.9526240229606628,12.018400192260742,277.5,10.943400382995605,N/A,35420,14.136300086975098,2.3114800453186035,0.2404100000858307
2019,12,27,0,0,0.9463269710540771,11.463399887084961,277.5,10.253800392150879,N/A,26346,14.136300086975098,2.05322003364563,0.2563199996948242
2019,12,27,3,0,0.9455509781837463,11.005399703979492,277.5,9.753999710083008,N/A,24652,14.136300086975098,2.0390000343322754,0.2754800021648407
2019,12,27,6,0,0.9525989890098572,11.23270034790039,282.5,10.208100318908691,N/A,38596,12.851200103759766,2.526099920272827,0.26875999569892883
2019,12,27,9,0,0.9558489918708801,11.889300346374512,282.5,10.632599830627441,N/A,52119,12.851200103759766,2.844360113143921,0.31964999437332153
2019,12,27,12,0,0.9618610143661499,13.31089973449707,282.5,11.726400375366211,N/A,83475,18.81559944152832,3.3617300987243652,0.3219299912452698
2019,12,27,15,0,0.9637510180473328,14.21399974822998,282.5,12.792799949645996,N/A,126507,18.81559944152832,3.9678099155426025,0.27623000741004944
2019,12,27,18,0,0.9608690142631531,13.972299575805664,282.5,12.721500396728516,N/A,122447,17.104999542236328,3.934999942779541,0.2615799903869629
2019,12,27,21,0,0.9607269763946533,13.713700294494629,282.5,12.545599937438965,N/A,110737,17.104999542236328,3.77878999710083,0.2550399899482727
2019,12,28,0,0,0.9609509706497192,13.43239974975586,282.5,12.323100090026855,N/A,97390,17.104999542236328,3.584439992904663,0.25077998638153076
2019,12,28,3,0,0.9606750011444092,13.04069995880127,282.5,11.990599632263184,N/A,81649,15.550000190734863,3.3387300968170166,0.24808000028133392
2019,12,28,6,0,0.9603649973869324,12.686300277709961,282.5,11.681599617004395,N/A,66937,15.550000190734863,3.072279930114746,0.24504999816417694
2019,12,28,9,0,0.9598850011825562,12.413800239562988,282.5,11.425399780273438,N/A,53650,15.550000190734863,2.7860500812530518,0.24379000067710876
2019,12,28,12,0,0.9588170051574707,12.164199829101562,282.5,11.165499687194824,N/A,41442,14.136300086975098,2.478909969329834,0.24442000687122345
2019,12,28,15,0,0.9567009806632996,11.748299598693848,282.5,10.56719970703125,N/A,31351,14.136300086975098,2.202709913253784,0.25213998556137085
2019,12,28,18,0,0.9544039964675903,11.251299858093262,282.5,10.027899742126465,N/A,24819,14.136300086975098,2.014080047607422,0.25940999388694763
2019,12,28,21,0,0.9528669714927673,11.029199600219727,282.5,9.732399940490723,N/A,22350,12.851200103759766,1.936310052871704,0.2609899938106537
2019,12,29,0,0,0.9549430012702942,11.274499893188477,277.5,9.961700439453125,N/A,25586,12.851200103759766,2.0445499420166016,0.2572300136089325
2019,12,29,3,0,0.9620940089225769,11.902999877929688,272.5,10.88659954071045,N/A,42060,12.851200103759766,2.536600112915039,0.2240699976682663
2019,12,29,6,0,0.9646819829940796,11.997300148010254,267.5,11.273599624633789,N/A,56693,12.851200103759766,2.933199882507324,0.20159000158309937
2019,12,29,9,0,0.9636449813842773,11.801400184631348,262.5,11.11299991607666,N/A,55015,12.851200103759766,2.919680118560791,0.20503999292850494
2019,12,29,12,0,0.9623280167579651,11.532600402832031,257.5,10.803099632263184,N/A,47308,12.851200103759766,2.746540069580078,0.2146800011396408
2019,12,29,15,0,0.9613379836082458,11.240099906921387,257.5,10.454899787902832,N/A,39061,12.851200103759766,2.5362699031829834,0.2244500070810318
2019,12,29,18,0,0.956728994846344,11.003499984741211,257.5,10.139800071716309,N/A,32753,12.851200103759766,2.3542299270629883,0.2340400069952011
2019,12,29,21,0,0.9499599933624268,10.960100173950195,257.5,10.019200325012207,N/A,30074,12.851200103759766,2.2622599601745605,0.24592000246047974
2019,12,30,0,0,0.9459779858589172,11.1673002243042,257.5,10.246999740600586,N/A,34366,11.682900428771973,2.391969919204712,0.24613000452518463
2019,12,30,3,0,0.9423919916152954,11.509400367736816,262.5,10.601200103759766,N/A,43067,11.682900428771973,2.628269910812378,0.25185999274253845
2019,12,30,6,0,0.9416490197181702,11.962200164794922,262.5,10.989700317382812,N/A,53906,11.682900428771973,2.8691599369049072,0.26269999146461487
2019,12,30,9,0,0.9470980167388916,12.548800468444824,267.5,11.470199584960938,N/A,68494,15.550000190734863,3.139120101928711,0.26993000507354736
2019,12,30,12,0,0.953898012638092,13.113900184631348,267.5,11.991399765014648,N/A,86429,15.550000190734863,3.4304800033569336,0.262719988822937
2019,12,30,15,0,0.9573969841003418,13.331199645996094,267.5,12.257599830627441,N/A,98274,15.550000190734863,3.6183700561523438,0.2499600052833557
2019,12,30,18,0,0.957859992980957,13.137200355529785,267.5,12.11620044708252,N/A,95967,15.550000190734863,3.604979991912842,0.24564999341964722
2019,12,30,21,0,0.9565269947052002,12.74940013885498,267.5,11.739800453186035,N/A,82068,15.550000190734863,3.3930699825286865,0.24900999665260315
2019,12,31,0,0,0.9549520015716553,12.355299949645996,267.5,11.324799537658691,N/A,65205,14.136300086975098,3.0819098949432373,0.2562899887561798
2019,12,31,3,0,0.9534159898757935,12.015999794006348,267.5,10.96049976348877,N/A,52201,14.136300086975098,2.805000066757202,0.26469001173973083
2019,12,31,6,0,0.9521700143814087,11.718199729919434,272.5,10.686599731445312,N/A,47304,14.136300086975098,2.714010000228882,0.27028998732566833
2019,12,31,9,0,0.9527940154075623,11.686300277709961,272.5,10.67490005493164,N/A,50216,14.136300086975098,2.8046000003814697,0.2736999988555908
2019,12,31,12,0,0.9536229968070984,11.819100379943848,272.5,10.786600112915039,N/A,56303,14.136300086975098,2.954890012741089,0.2839199900627136
2019,12,31,15,0,0.955715000629425,12.145000457763672,272.5,10.95829963684082,N/A,62805,14.136300086975098,3.0827300548553467,0.3192000091075897
2019,12,31,18,0,0.9585719704627991,12.63599967956543,272.5,11.21399974822998,N/A,71009,14.136300086975098,3.216219902038574,0.35436999797821045
2019,12,31,21,0,0.961197018623352,13.0447998046875,272.5,11.442899703979492,N/A,80038,14.136300086975098,3.3592898845672607,0.3690299987792969
